[
  {
    "camera_to_world": [
      [
        0.0,
        0.0,
        -1.0,
        0.549462890625
      ],
      [
        -0.0,
        1.0,
        0.0,
        0.49951171875
      ],
      [
        1.0,
        0.0,
        0.0,
        0.49951171875
      ],
      [
        0.0,
        0.0,
        0.0,
        1.0
      ]
    ],
    "fov": 60.0
  },
  {
    "camera_to_world": [
      [
        0.017452406437284247,
        0.0,
        -0.9998476951563913,
        0.5494552828195796
      ],
      [
        -0.0,
        1.0,
        0.0,
        0.49951171875
      ],
      [
        0.9998476951563912,
        0.0,
        0.017452406437284244,
        0.5003834869035811
      ],
      [
        0.0,
        0.0,
        0.0,
        1.0
      ]
    ],
    "fov": 60.0
  },
  {
    "camera_to_world": [
      [
        0.03489949670250109,
        0.0,
        -0.9993908270190958,
        0.5494324617207292
      ],
      [
        -0.0,
        1.0,
        0.0,
        0.49951171875
      ],
      [
        0.9993908270190958,
        0.0,
        0.03489949670250109,
        0.5012549895081376
      ],
      [
        0.0,
        0.0,
        0.0,
        1.0
      ]
    ],
    "fov": 60.0
  },
  {
    "camera_to_world": [
      [
        0.05233595624294362,
        0.0,
        -0.9986295347545739,
        0.549394434279977
      ],
      [
        -0.0,
        1.0,
        0.0,
        0.49951171875
      ],
      [
        0.9986295347545738,
        0.0,
        0.05233595624294361,
        0.5021259610955338
      ],
      [
        0.0,
        0.0,
        0.0,
        1.0
      ]
    ],
    "fov": 60.0
  },
  {
    "camera_to_world": [
      [
        0.06975647374412634,
        0.0,
        -0.9975640502598242,
        0.5493412120808496
      ],
      [
        -0.0,
        1.0,
        0.0,
        0.49951171875
      ],
      [
        0.9975640502598242,
        0.0,
        0.06975647374412634,
        0.5029961363593868
      ],
      [
        0.0,
        0.0,
        0.0,
        1.0
      ]
    ],
    "fov": 60.0
  },
  {
    "camera_to_world": [
      [
        0.08715574274765851,
        0.0,
        -0.9961946980917455,
        0.5492728113353446
      ],
      [
        -0.0,
        1.0,
        0.0,
        0.49951171875
      ],
      [
        0.9961946980917455,
        0.0,
        0.08715574274765851,
        0.5038652502358816
      ],
      [
        0.0,
        0.0,
        0.0,
        1.0
      ]
    ],
    "fov": 60.0
  },
  {
    "camera_to_world": [
      [
        0.10452846326765369,
        0.0,
        -0.9945218953682733,
        0.5491892528789913
      ],
      [
        -0.0,
        1.0,
        0.0,
        0.49951171875
      ],
      [
        0.9945218953682733,
        0.0,
        0.10452846326765369,
        0.5047330379845122
      ],
      [
        0.0,
        0.0,
        0.0,
        1.0
      ]
    ],
    "fov": 60.0
  },
  {
    "camera_to_world": [
      [
        0.12186934340514848,
        0.0,
        -0.9925461516413219,
        0.5490905621645055
      ],
      [
        -0.0,
        1.0,
        0.0,
        0.49951171875
      ],
      [
        0.9925461516413219,
        0.0,
        0.12186934340514848,
        0.505599235268724
      ],
      [
        0.0,
        0.0,
        0.0,
        1.0
      ]
    ],
    "fov": 60.0
  },
  {
    "camera_to_world": [
      [
        0.13917310096006544,
        0.0,
        -0.9902680687415704,
        0.5489767692540345
      ],
      [
        -0.0,
        1.0,
        0.0,
        0.49951171875
      ],
      [
        0.9902680687415703,
        0.0,
        0.1391731009600654,
        0.506463578236433
      ],
      [
        0.0,
        0.0,
        0.0,
        1.0
      ]
    ],
    "fov": 60.0
  },
  {
    "camera_to_world": [
      [
        0.15643446504023098,
        0.0,
        -0.9876883405951378,
        0.5488479088100012
      ],
      [
        -0.0,
        1.0,
        0.0,
        0.49951171875
      ],
      [
        0.9876883405951378,
        0.0,
        0.15643446504023098,
        0.5073258036003983
      ],
      [
        0.0,
        0.0,
        0.0,
        1.0
      ]
    ],
    "fov": 60.0
  },
  {
    "camera_to_world": [
      [
        0.17364817766693139,
        0.0,
        -0.9848077530122079,
        0.5487040200845453
      ],
      [
        -0.0,
        1.0,
        0.0,
        0.49951171875
      ],
      [
        0.9848077530122079,
        0.0,
        0.17364817766693139,
        0.5081856487184214
      ],
      [
        0.0,
        0.0,
        0.0,
        1.0
      ]
    ],
    "fov": 60.0
  },
  {
    "camera_to_world": [
      [
        0.1908089953765443,
        0.0,
        -0.9816271834476641,
        0.5485451469075664
      ],
      [
        -0.0,
        1.0,
        0.0,
        0.49951171875
      ],
      [
        0.9816271834476641,
        0.0,
        0.1908089953765443,
        0.5090428516733498
      ],
      [
        0.0,
        0.0,
        0.0,
        1.0
      ]
    ],
    "fov": 60.0
  },
  {
    "camera_to_world": [
      [
        0.2079116908177589,
        0.0,
        -0.9781476007338057,
        0.5483713376733732
      ],
      [
        -0.0,
        1.0,
        0.0,
        0.49951171875
      ],
      [
        0.9781476007338057,
        0.0,
        0.2079116908177589,
        0.5098971513528597
      ],
      [
        0.0,
        0.0,
        0.0,
        1.0
      ]
    ],
    "fov": 60.0
  },
  {
    "camera_to_world": [
      [
        0.224951054343864,
        0.0,
        -0.9743700647852355,
        0.5481826453259422
      ],
      [
        -0.0,
        1.0,
        0.0,
        0.49951171875
      ],
      [
        0.9743700647852355,
        0.0,
        0.224951054343864,
        0.5107482875289928
      ],
      [
        0.0,
        0.0,
        0.0,
        1.0
      ]
    ],
    "fov": 60.0
  },
  {
    "camera_to_world": [
      [
        0.24192189559966837,
        0.0,
        -0.9702957262759964,
        0.5479791273427903
      ],
      [
        -0.0,
        1.0,
        0.0,
        0.49951171875
      ],
      [
        0.9702957262759964,
        0.0,
        0.24192189559966837,
        0.5115960009374249
      ],
      [
        0.0,
        0.0,
        0.0,
        1.0
      ]
    ],
    "fov": 60.0
  },
  {
    "camera_to_world": [
      [
        0.2588190451025209,
        0.0,
        -0.9659258262890683,
        0.5477608457174666
      ],
      [
        -0.0,
        1.0,
        0.0,
        0.49951171875
      ],
      [
        0.9659258262890682,
        0.0,
        0.25881904510252085,
        0.5124400333564394
      ],
      [
        0.0,
        0.0,
        0.0,
        1.0
      ]
    ],
    "fov": 60.0
  },
  {
    "camera_to_world": [
      [
        0.2756373558170004,
        0.0,
        -0.9612616959383186,
        0.5475278669406689
      ],
      [
        -0.0,
        1.0,
        0.0,
        0.49951171875
      ],
      [
        0.9612616959383186,
        0.0,
        0.2756373558170004,
        0.5132801276855855
      ],
      [
        0.0,
        0.0,
        0.0,
        1.0
      ]
    ],
    "fov": 60.0
  },
  {
    "camera_to_world": [
      [
        0.2923717047227365,
        0.0,
        -0.9563047559630357,
        0.5472802619799895
      ],
      [
        -0.0,
        1.0000000000000002,
        0.0,
        0.49951171875
      ],
      [
        0.9563047559630357,
        0.0,
        0.2923717047227365,
        0.5141160280239921
      ],
      [
        0.0,
        0.0,
        0.0,
        1.0
      ]
    ],
    "fov": 60.0
  },
  {
    "camera_to_world": [
      [
        0.3090169943749473,
        0.0,
        -0.9510565162951538,
        0.5470181062582979
      ],
      [
        -0.0,
        1.0000000000000002,
        0.0,
        0.49951171875
      ],
      [
        0.9510565162951538,
        0.0,
        0.3090169943749473,
        0.5149474797483189
      ],
      [
        0.0,
        0.0,
        0.0,
        1.0
      ]
    ],
    "fov": 60.0
  },
  {
    "camera_to_world": [
      [
        0.32556815445715565,
        0.0,
        -0.9455185755993172,
        0.5467414796307667
      ],
      [
        -0.0,
        1.0,
        0.0,
        0.49951171875
      ],
      [
        0.9455185755993172,
        0.0,
        0.32556815445715565,
        0.5157742295903159
      ],
      [
        0.0,
        0.0,
        0.0,
        1.0
      ]
    ],
    "fov": 60.0
  },
  {
    "camera_to_world": [
      [
        0.34202014332566816,
        0.0,
        -0.9396926207859086,
        0.5464504663605461
      ],
      [
        -0.0,
        1.0,
        0.0,
        0.49951171875
      ],
      [
        0.9396926207859086,
        0.0,
        0.34202014332566816,
        0.5165960257139726
      ],
      [
        0.0,
        0.0,
        0.0,
        1.0
      ]
    ],
    "fov": 60.0
  },
  {
    "camera_to_world": [
      [
        0.3583679495452992,
        0.0,
        -0.9335804264972022,
        0.5461451550930976
      ],
      [
        -0.0,
        0.9999999999999999,
        0.0,
        0.49951171875
      ],
      [
        0.9335804264972021,
        0.0,
        0.35836794954529916,
        0.5174126177922286
      ],
      [
        0.0,
        0.0,
        0.0,
        1.0
      ]
    ],
    "fov": 60.0
  },
  {
    "camera_to_world": [
      [
        0.37460659341591107,
        0.0,
        -0.9271838545667879,
        0.5458256388291907
      ],
      [
        -0.0,
        1.0,
        0.0,
        0.49951171875
      ],
      [
        0.9271838545667878,
        0.0,
        0.374606593415911,
        0.5182237570832264
      ],
      [
        0.0,
        0.0,
        0.0,
        1.0
      ]
    ],
    "fov": 60.0
  },
  {
    "camera_to_world": [
      [
        0.39073112848927305,
        0.0,
        -0.9205048534524406,
        0.5454920148965745
      ],
      [
        -0.0,
        1.0,
        0.0,
        0.49951171875
      ],
      [
        0.9205048534524406,
        0.0,
        0.39073112848927305,
        0.5190291965060804
      ],
      [
        0.0,
        0.0,
        0.0,
        1.0
      ]
    ],
    "fov": 60.0
  },
  {
    "camera_to_world": [
      [
        0.40673664307579943,
        0.0,
        -0.9135454576426012,
        0.5451443849203311
      ],
      [
        -0.0,
        1.0,
        0.0,
        0.49951171875
      ],
      [
        0.9135454576426012,
        0.0,
        0.40673664307579943,
        0.5198286907161398
      ],
      [
        0.0,
        0.0,
        0.0,
        1.0
      ]
    ],
    "fov": 60.0
  },
  {
    "camera_to_world": [
      [
        0.4226182617406991,
        0.0,
        -0.9063077870366502,
        0.5447828547919186
      ],
      [
        -0.0,
        1.0000000000000002,
        0.0,
        0.49951171875
      ],
      [
        0.9063077870366502,
        0.0,
        0.4226182617406991,
        0.5206219961797234
      ],
      [
        0.0,
        0.0,
        0.0,
        1.0
      ]
    ],
    "fov": 60.0
  },
  {
    "camera_to_world": [
      [
        0.4383711467890773,
        0.0,
        -0.8987940462991671,
        0.5444075346369164
      ],
      [
        -0.0,
        1.0,
        0.0,
        0.49951171875
      ],
      [
        0.898794046299167,
        0.0,
        0.43837114678907724,
        0.521408871248302
      ],
      [
        0.0,
        0.0,
        0.0,
        1.0
      ]
    ],
    "fov": 60.0
  },
  {
    "camera_to_world": [
      [
        0.45399049973954575,
        0.0,
        -0.8910065241883685,
        0.5440185387814795
      ],
      [
        -0.0,
        1.0,
        0.0,
        0.49951171875
      ],
      [
        0.8910065241883683,
        0.0,
        0.4539904997395457,
        0.5221890762321072
      ],
      [
        0.0,
        0.0,
        0.0,
        1.0
      ]
    ],
    "fov": 60.0
  },
  {
    "camera_to_world": [
      [
        0.46947156278589086,
        0.0,
        -0.882947592858927,
        0.5436159857175138
      ],
      [
        -0.0,
        1.0000000000000002,
        0.0,
        0.49951171875
      ],
      [
        0.882947592858927,
        0.0,
        0.46947156278589086,
        0.5229623734731429
      ],
      [
        0.0,
        0.0,
        0.0,
        1.0
      ]
    ],
    "fov": 60.0
  },
  {
    "camera_to_world": [
      [
        0.48480962024633667,
        0.0,
        -0.874619707139396,
        0.5431999980665821
      ],
      [
        -0.0,
        1.0,
        0.0,
        0.49951171875
      ],
      [
        0.874619707139396,
        0.0,
        0.48480962024633667,
        0.5237285274175782
      ],
      [
        0.0,
        0.0,
        0.0,
        1.0
      ]
    ],
    "fov": 60.0
  },
  {
    "camera_to_world": [
      [
        0.5000000000000007,
        0.0,
        -0.8660254037844383,
        0.5427707025425528
      ],
      [
        -0.0,
        1.0,
        0.0,
        0.49951171875
      ],
      [
        0.8660254037844383,
        0.0,
        0.5000000000000007,
        0.5244873046875
      ],
      [
        0.0,
        0.0,
        0.0,
        1.0
      ]
    ],
    "fov": 60.0
  },
  {
    "camera_to_world": [
      [
        0.5150380749100537,
        0.0,
        -0.8571673007021126,
        0.542328229913001
      ],
      [
        -0.0,
        1.0,
        0.0,
        0.49951171875
      ],
      [
        0.8571673007021126,
        0.0,
        0.5150380749100537,
        0.5252384741520012
      ],
      [
        0.0,
        0.0,
        0.0,
        1.0
      ]
    ],
    "fov": 60.0
  },
  {
    "camera_to_world": [
      [
        0.5299192642332047,
        0.0,
        -0.8480480961564263,
        0.5418727149593762
      ],
      [
        -0.0,
        1.0000000000000002,
        0.0,
        0.49951171875
      ],
      [
        0.8480480961564263,
        0.0,
        0.5299192642332047,
        0.5259818069975863
      ],
      [
        0.0,
        0.0,
        0.0,
        1.0
      ]
    ],
    "fov": 60.0
  },
  {
    "camera_to_world": [
      [
        0.5446390350150262,
        0.0,
        -0.8386705679454247,
        0.5414042964359458
      ],
      [
        -0.0,
        1.0,
        0.0,
        0.49951171875
      ],
      [
        0.8386705679454246,
        0.0,
        0.5446390350150261,
        0.5267170767978697
      ],
      [
        0.0,
        0.0,
        0.0,
        1.0
      ]
    ],
    "fov": 60.0
  },
  {
    "camera_to_world": [
      [
        0.5591929034707469,
        0.0,
        -0.8290375725550417,
        0.5409231170275297
      ],
      [
        -0.0,
        1.0000000000000002,
        0.0,
        0.49951171875
      ],
      [
        0.8290375725550417,
        0.0,
        0.5591929034707469,
        0.5274440595825476
      ],
      [
        0.0,
        0.0,
        0.0,
        1.0
      ]
    ],
    "fov": 60.0
  },
  {
    "camera_to_world": [
      [
        0.5735764363510452,
        0.0,
        -0.8191520442889926,
        0.5404293233060371
      ],
      [
        -0.0,
        1.0000000000000002,
        0.0,
        0.49951171875
      ],
      [
        0.8191520442889926,
        0.0,
        0.5735764363510452,
        0.5281625339056211
      ],
      [
        0.0,
        0.0,
        0.0,
        1.0
      ]
    ],
    "fov": 60.0
  },
  {
    "camera_to_world": [
      [
        0.5877852522924726,
        0.0,
        -0.8090169943749478,
        0.5399230656858189
      ],
      [
        -0.0,
        1.0,
        0.0,
        0.49951171875
      ],
      [
        0.8090169943749478,
        0.0,
        0.5877852522924726,
        0.5288722809128515
      ],
      [
        0.0,
        0.0,
        0.0,
        1.0
      ]
    ],
    "fov": 60.0
  },
  {
    "camera_to_world": [
      [
        0.6018150231520484,
        0.0,
        -0.7986355100472928,
        0.5394044983778506
      ],
      [
        -0.0,
        1.0,
        0.0,
        0.49951171875
      ],
      [
        0.7986355100472928,
        0.0,
        0.6018150231520484,
        0.5295730844084251
      ],
      [
        0.0,
        0.0,
        0.0,
        1.0
      ]
    ],
    "fov": 60.0
  },
  {
    "camera_to_world": [
      [
        0.6156614753256592,
        0.0,
        -0.7880107536067213,
        0.5388737793427576
      ],
      [
        -0.0,
        1.0000000000000002,
        0.0,
        0.49951171875
      ],
      [
        0.7880107536067213,
        0.0,
        0.6156614753256592,
        0.5302647309208081
      ],
      [
        0.0,
        0.0,
        0.0,
        1.0
      ]
    ],
    "fov": 60.0
  },
  {
    "camera_to_world": [
      [
        0.6293203910498371,
        0.0,
        -0.7771459614569712,
        0.5383310702426993
      ],
      [
        -0.0,
        0.9999999999999999,
        0.0,
        0.49951171875
      ],
      [
        0.7771459614569711,
        0.0,
        0.629320391049837,
        0.5309470097677726
      ],
      [
        0.0,
        0.0,
        0.0,
        1.0
      ]
    ],
    "fov": 60.0
  },
  {
    "camera_to_world": [
      [
        0.6427876096865395,
        0.0,
        -0.7660444431189779,
        0.5377765363921247
      ],
      [
        -0.0,
        1.0,
        0.0,
        0.49951171875
      ],
      [
        0.7660444431189779,
        0.0,
        0.6427876096865395,
        0.5316197131205728
      ],
      [
        0.0,
        0.0,
        0.0,
        1.0
      ]
    ],
    "fov": 60.0
  },
  {
    "camera_to_world": [
      [
        0.656059028990508,
        0.0,
        -0.7547095802227715,
        0.5372103467074167
      ],
      [
        -0.0,
        1.0000000000000002,
        0.0,
        0.49951171875
      ],
      [
        0.7547095802227715,
        0.0,
        0.656059028990508,
        0.5322826360672505
      ],
      [
        0.0,
        0.0,
        0.0,
        1.0
      ]
    ],
    "fov": 60.0
  },
  {
    "camera_to_world": [
      [
        0.6691306063588583,
        0.0,
        -0.7431448254773941,
        0.5366326736554382
      ],
      [
        -0.0,
        1.0,
        0.0,
        0.49951171875
      ],
      [
        0.7431448254773941,
        0.0,
        0.6691306063588583,
        0.5329355766750543
      ],
      [
        0.0,
        0.0,
        0.0,
        1.0
      ]
    ],
    "fov": 60.0
  },
  {
    "camera_to_world": [
      [
        0.681998360062499,
        0.0,
        -0.7313537016191701,
        0.5360436932009967
      ],
      [
        -0.0,
        1.0000000000000002,
        0.0,
        0.49951171875
      ],
      [
        0.7313537016191701,
        0.0,
        0.681998360062499,
        0.53357833605195
      ],
      [
        0.0,
        0.0,
        0.0,
        1.0
      ]
    ],
    "fov": 60.0
  },
  {
    "camera_to_world": [
      [
        0.6946583704589971,
        0.0,
        -0.7193398003386513,
        0.5354435847532442
      ],
      [
        -0.0,
        1.0,
        0.0,
        0.49951171875
      ],
      [
        0.7193398003386513,
        0.0,
        0.6946583704589971,
        0.5342107184072048
      ],
      [
        0.0,
        0.0,
        0.0,
        1.0
      ]
    ],
    "fov": 60.0
  },
  {
    "camera_to_world": [
      [
        0.7071067811865476,
        0.0,
        -0.7071067811865476,
        0.5348325311110272
      ],
      [
        -0.0,
        1.0,
        0.0,
        0.49951171875
      ],
      [
        0.7071067811865475,
        0.0,
        0.7071067811865475,
        0.5348325311110272
      ],
      [
        0.0,
        0.0,
        0.0,
        1.0
      ]
    ],
    "fov": 60.0
  },
  {
    "camera_to_world": [
      [
        0.7193398003386513,
        0.0,
        -0.6946583704589971,
        0.5342107184072048
      ],
      [
        -0.0,
        1.0,
        0.0,
        0.49951171875
      ],
      [
        0.6946583704589971,
        0.0,
        0.7193398003386513,
        0.5354435847532442
      ],
      [
        0.0,
        0.0,
        0.0,
        1.0
      ]
    ],
    "fov": 60.0
  },
  {
    "camera_to_world": [
      [
        0.7313537016191701,
        0.0,
        -0.681998360062499,
        0.53357833605195
      ],
      [
        -0.0,
        1.0000000000000002,
        0.0,
        0.49951171875
      ],
      [
        0.681998360062499,
        0.0,
        0.7313537016191701,
        0.5360436932009967
      ],
      [
        0.0,
        0.0,
        0.0,
        1.0
      ]
    ],
    "fov": 60.0
  },
  {
    "camera_to_world": [
      [
        0.7431448254773941,
        0.0,
        -0.6691306063588583,
        0.5329355766750543
      ],
      [
        -0.0,
        1.0,
        0.0,
        0.49951171875
      ],
      [
        0.6691306063588583,
        0.0,
        0.7431448254773941,
        0.5366326736554382
      ],
      [
        0.0,
        0.0,
        0.0,
        1.0
      ]
    ],
    "fov": 60.0
  },
  {
    "camera_to_world": [
      [
        0.7547095802227715,
        0.0,
        -0.656059028990508,
        0.5322826360672505
      ],
      [
        -0.0,
        1.0000000000000002,
        0.0,
        0.49951171875
      ],
      [
        0.656059028990508,
        0.0,
        0.7547095802227715,
        0.5372103467074167
      ],
      [
        0.0,
        0.0,
        0.0,
        1.0
      ]
    ],
    "fov": 60.0
  },
  {
    "camera_to_world": [
      [
        0.7660444431189779,
        0.0,
        -0.6427876096865395,
        0.5316197131205728
      ],
      [
        -0.0,
        1.0,
        0.0,
        0.49951171875
      ],
      [
        0.6427876096865395,
        0.0,
        0.7660444431189779,
        0.5377765363921247
      ],
      [
        0.0,
        0.0,
        0.0,
        1.0
      ]
    ],
    "fov": 60.0
  },
  {
    "camera_to_world": [
      [
        0.7771459614569712,
        0.0,
        -0.6293203910498371,
        0.5309470097677726
      ],
      [
        -0.0,
        0.9999999999999999,
        0.0,
        0.49951171875
      ],
      [
        0.629320391049837,
        0.0,
        0.7771459614569711,
        0.5383310702426993
      ],
      [
        0.0,
        0.0,
        0.0,
        1.0
      ]
    ],
    "fov": 60.0
  },
  {
    "camera_to_world": [
      [
        0.7880107536067213,
        0.0,
        -0.6156614753256592,
        0.5302647309208081
      ],
      [
        -0.0,
        1.0000000000000002,
        0.0,
        0.49951171875
      ],
      [
        0.6156614753256592,
        0.0,
        0.7880107536067213,
        0.5388737793427576
      ],
      [
        0.0,
        0.0,
        0.0,
        1.0
      ]
    ],
    "fov": 60.0
  },
  {
    "camera_to_world": [
      [
        0.7986355100472928,
        0.0,
        -0.6018150231520484,
        0.5295730844084251
      ],
      [
        -0.0,
        1.0,
        0.0,
        0.49951171875
      ],
      [
        0.6018150231520484,
        0.0,
        0.7986355100472928,
        0.5394044983778506
      ],
      [
        0.0,
        0.0,
        0.0,
        1.0
      ]
    ],
    "fov": 60.0
  },
  {
    "camera_to_world": [
      [
        0.8090169943749478,
        0.0,
        -0.5877852522924726,
        0.5288722809128515
      ],
      [
        -0.0,
        1.0,
        0.0,
        0.49951171875
      ],
      [
        0.5877852522924726,
        0.0,
        0.8090169943749478,
        0.5399230656858189
      ],
      [
        0.0,
        0.0,
        0.0,
        1.0
      ]
    ],
    "fov": 60.0
  },
  {
    "camera_to_world": [
      [
        0.8191520442889926,
        0.0,
        -0.5735764363510452,
        0.5281625339056211
      ],
      [
        -0.0,
        1.0000000000000002,
        0.0,
        0.49951171875
      ],
      [
        0.5735764363510452,
        0.0,
        0.8191520442889926,
        0.5404293233060371
      ],
      [
        0.0,
        0.0,
        0.0,
        1.0
      ]
    ],
    "fov": 60.0
  },
  {
    "camera_to_world": [
      [
        0.8290375725550417,
        0.0,
        -0.5591929034707469,
        0.5274440595825476
      ],
      [
        -0.0,
        1.0000000000000002,
        0.0,
        0.49951171875
      ],
      [
        0.5591929034707469,
        0.0,
        0.8290375725550417,
        0.5409231170275297
      ],
      [
        0.0,
        0.0,
        0.0,
        1.0
      ]
    ],
    "fov": 60.0
  },
  {
    "camera_to_world": [
      [
        0.8386705679454247,
        0.0,
        -0.5446390350150262,
        0.5267170767978697
      ],
      [
        -0.0,
        1.0,
        0.0,
        0.49951171875
      ],
      [
        0.5446390350150261,
        0.0,
        0.8386705679454246,
        0.5414042964359458
      ],
      [
        0.0,
        0.0,
        0.0,
        1.0
      ]
    ],
    "fov": 60.0
  },
  {
    "camera_to_world": [
      [
        0.8480480961564263,
        0.0,
        -0.5299192642332047,
        0.5259818069975863
      ],
      [
        -0.0,
        1.0000000000000002,
        0.0,
        0.49951171875
      ],
      [
        0.5299192642332047,
        0.0,
        0.8480480961564263,
        0.5418727149593762
      ],
      [
        0.0,
        0.0,
        0.0,
        1.0
      ]
    ],
    "fov": 60.0
  },
  {
    "camera_to_world": [
      [
        0.8571673007021126,
        0.0,
        -0.5150380749100537,
        0.5252384741520012
      ],
      [
        -0.0,
        1.0,
        0.0,
        0.49951171875
      ],
      [
        0.5150380749100537,
        0.0,
        0.8571673007021126,
        0.542328229913001
      ],
      [
        0.0,
        0.0,
        0.0,
        1.0
      ]
    ],
    "fov": 60.0
  },
  {
    "camera_to_world": [
      [
        0.8660254037844383,
        0.0,
        -0.5000000000000007,
        0.5244873046875
      ],
      [
        -0.0,
        1.0,
        0.0,
        0.49951171875
      ],
      [
        0.5000000000000007,
        0.0,
        0.8660254037844383,
        0.5427707025425528
      ],
      [
        0.0,
        0.0,
        0.0,
        1.0
      ]
    ],
    "fov": 60.0
  },
  {
    "camera_to_world": [
      [
        0.874619707139396,
        0.0,
        -0.48480962024633667,
        0.5237285274175782
      ],
      [
        -0.0,
        1.0,
        0.0,
        0.49951171875
      ],
      [
        0.48480962024633667,
        0.0,
        0.874619707139396,
        0.5431999980665821
      ],
      [
        0.0,
        0.0,
        0.0,
        1.0
      ]
    ],
    "fov": 60.0
  },
  {
    "camera_to_world": [
      [
        0.882947592858927,
        0.0,
        -0.46947156278589086,
        0.5229623734731429
      ],
      [
        -0.0,
        1.0000000000000002,
        0.0,
        0.49951171875
      ],
      [
        0.46947156278589086,
        0.0,
        0.882947592858927,
        0.5436159857175138
      ],
      [
        0.0,
        0.0,
        0.0,
        1.0
      ]
    ],
    "fov": 60.0
  },
  {
    "camera_to_world": [
      [
        0.8910065241883685,
        0.0,
        -0.45399049973954575,
        0.5221890762321072
      ],
      [
        -0.0,
        1.0,
        0.0,
        0.49951171875
      ],
      [
        0.4539904997395457,
        0.0,
        0.8910065241883683,
        0.5440185387814795
      ],
      [
        0.0,
        0.0,
        0.0,
        1.0
      ]
    ],
    "fov": 60.0
  },
  {
    "camera_to_world": [
      [
        0.8987940462991671,
        0.0,
        -0.4383711467890773,
        0.521408871248302
      ],
      [
        -0.0,
        1.0,
        0.0,
        0.49951171875
      ],
      [
        0.43837114678907724,
        0.0,
        0.898794046299167,
        0.5444075346369164
      ],
      [
        0.0,
        0.0,
        0.0,
        1.0
      ]
    ],
    "fov": 60.0
  },
  {
    "camera_to_world": [
      [
        0.9063077870366502,
        0.0,
        -0.4226182617406991,
        0.5206219961797234
      ],
      [
        -0.0,
        1.0000000000000002,
        0.0,
        0.49951171875
      ],
      [
        0.4226182617406991,
        0.0,
        0.9063077870366502,
        0.5447828547919186
      ],
      [
        0.0,
        0.0,
        0.0,
        1.0
      ]
    ],
    "fov": 60.0
  },
  {
    "camera_to_world": [
      [
        0.9135454576426012,
        0.0,
        -0.40673664307579943,
        0.5198286907161398
      ],
      [
        -0.0,
        1.0,
        0.0,
        0.49951171875
      ],
      [
        0.40673664307579943,
        0.0,
        0.9135454576426012,
        0.5451443849203311
      ],
      [
        0.0,
        0.0,
        0.0,
        1.0
      ]
    ],
    "fov": 60.0
  },
  {
    "camera_to_world": [
      [
        0.9205048534524406,
        0.0,
        -0.39073112848927305,
        0.5190291965060804
      ],
      [
        -0.0,
        1.0,
        0.0,
        0.49951171875
      ],
      [
        0.39073112848927305,
        0.0,
        0.9205048534524406,
        0.5454920148965745
      ],
      [
        0.0,
        0.0,
        0.0,
        1.0
      ]
    ],
    "fov": 60.0
  },
  {
    "camera_to_world": [
      [
        0.9271838545667875,
        0.0,
        -0.37460659341591185,
        0.5182237570832264
      ],
      [
        -0.0,
        1.0,
        0.0,
        0.49951171875
      ],
      [
        0.3746065934159118,
        0.0,
        0.9271838545667874,
        0.5458256388291906
      ],
      [
        0.0,
        0.0,
        0.0,
        1.0
      ]
    ],
    "fov": 60.0
  },
  {
    "camera_to_world": [
      [
        0.9335804264972022,
        0.0,
        -0.3583679495452992,
        0.5174126177922286
      ],
      [
        -0.0,
        0.9999999999999999,
        0.0,
        0.49951171875
      ],
      [
        0.35836794954529916,
        0.0,
        0.9335804264972021,
        0.5461451550930976
      ],
      [
        0.0,
        0.0,
        0.0,
        1.0
      ]
    ],
    "fov": 60.0
  },
  {
    "camera_to_world": [
      [
        0.9396926207859079,
        0.0,
        -0.3420201433256701,
        0.5165960257139727
      ],
      [
        -0.0,
        1.0,
        0.0,
        0.49951171875
      ],
      [
        0.3420201433256701,
        0.0,
        0.9396926207859079,
        0.5464504663605461
      ],
      [
        0.0,
        0.0,
        0.0,
        1.0
      ]
    ],
    "fov": 60.0
  },
  {
    "camera_to_world": [
      [
        0.9455185755993172,
        0.0,
        -0.32556815445715565,
        0.5157742295903159
      ],
      [
        -0.0,
        1.0,
        0.0,
        0.49951171875
      ],
      [
        0.32556815445715565,
        0.0,
        0.9455185755993172,
        0.5467414796307667
      ],
      [
        0.0,
        0.0,
        0.0,
        1.0
      ]
    ],
    "fov": 60.0
  },
  {
    "camera_to_world": [
      [
        0.9510565162951538,
        0.0,
        -0.3090169943749473,
        0.5149474797483189
      ],
      [
        -0.0,
        1.0000000000000002,
        0.0,
        0.49951171875
      ],
      [
        0.3090169943749473,
        0.0,
        0.9510565162951538,
        0.5470181062582979
      ],
      [
        0.0,
        0.0,
        0.0,
        1.0
      ]
    ],
    "fov": 60.0
  },
  {
    "camera_to_world": [
      [
        0.9563047559630357,
        0.0,
        -0.2923717047227365,
        0.5141160280239921
      ],
      [
        -0.0,
        1.0000000000000002,
        0.0,
        0.49951171875
      ],
      [
        0.2923717047227365,
        0.0,
        0.9563047559630357,
        0.5472802619799895
      ],
      [
        0.0,
        0.0,
        0.0,
        1.0
      ]
    ],
    "fov": 60.0
  },
  {
    "camera_to_world": [
      [
        0.9612616959383186,
        0.0,
        -0.2756373558170004,
        0.5132801276855855
      ],
      [
        -0.0,
        1.0,
        0.0,
        0.49951171875
      ],
      [
        0.2756373558170004,
        0.0,
        0.9612616959383186,
        0.5475278669406689
      ],
      [
        0.0,
        0.0,
        0.0,
        1.0
      ]
    ],
    "fov": 60.0
  },
  {
    "camera_to_world": [
      [
        0.9659258262890683,
        0.0,
        -0.2588190451025209,
        0.5124400333564394
      ],
      [
        -0.0,
        1.0,
        0.0,
        0.49951171875
      ],
      [
        0.25881904510252085,
        0.0,
        0.9659258262890682,
        0.5477608457174666
      ],
      [
        0.0,
        0.0,
        0.0,
        1.0
      ]
    ],
    "fov": 60.0
  },
  {
    "camera_to_world": [
      [
        0.9702957262759964,
        0.0,
        -0.24192189559966837,
        0.5115960009374249
      ],
      [
        -0.0,
        1.0,
        0.0,
        0.49951171875
      ],
      [
        0.24192189559966837,
        0.0,
        0.9702957262759964,
        0.5479791273427903
      ],
      [
        0.0,
        0.0,
        0.0,
        1.0
      ]
    ],
    "fov": 60.0
  },
  {
    "camera_to_world": [
      [
        0.974370064785235,
        0.0,
        -0.2249510543438661,
        0.5107482875289929
      ],
      [
        -0.0,
        1.0,
        0.0,
        0.49951171875
      ],
      [
        0.2249510543438661,
        0.0,
        0.974370064785235,
        0.5481826453259422
      ],
      [
        0.0,
        0.0,
        0.0,
        1.0
      ]
    ],
    "fov": 60.0
  },
  {
    "camera_to_world": [
      [
        0.9781476007338057,
        0.0,
        -0.2079116908177589,
        0.5098971513528597
      ],
      [
        -0.0,
        1.0,
        0.0,
        0.49951171875
      ],
      [
        0.2079116908177589,
        0.0,
        0.9781476007338057,
        0.5483713376733732
      ],
      [
        0.0,
        0.0,
        0.0,
        1.0
      ]
    ],
    "fov": 60.0
  },
  {
    "camera_to_world": [
      [
        0.9816271834476641,
        0.0,
        -0.1908089953765443,
        0.5090428516733498
      ],
      [
        -0.0,
        1.0,
        0.0,
        0.49951171875
      ],
      [
        0.1908089953765443,
        0.0,
        0.9816271834476641,
        0.5485451469075664
      ],
      [
        0.0,
        0.0,
        0.0,
        1.0
      ]
    ],
    "fov": 60.0
  },
  {
    "camera_to_world": [
      [
        0.9848077530122079,
        0.0,
        -0.17364817766693139,
        0.5081856487184214
      ],
      [
        -0.0,
        1.0,
        0.0,
        0.49951171875
      ],
      [
        0.17364817766693139,
        0.0,
        0.9848077530122079,
        0.5487040200845453
      ],
      [
        0.0,
        0.0,
        0.0,
        1.0
      ]
    ],
    "fov": 60.0
  },
  {
    "camera_to_world": [
      [
        0.9876883405951378,
        0.0,
        -0.15643446504023098,
        0.5073258036003983
      ],
      [
        -0.0,
        1.0,
        0.0,
        0.49951171875
      ],
      [
        0.15643446504023098,
        0.0,
        0.9876883405951378,
        0.5488479088100012
      ],
      [
        0.0,
        0.0,
        0.0,
        1.0
      ]
    ],
    "fov": 60.0
  },
  {
    "camera_to_world": [
      [
        0.9902680687415704,
        0.0,
        -0.13917310096006544,
        0.506463578236433
      ],
      [
        -0.0,
        1.0,
        0.0,
        0.49951171875
      ],
      [
        0.1391731009600654,
        0.0,
        0.9902680687415703,
        0.5489767692540345
      ],
      [
        0.0,
        0.0,
        0.0,
        1.0
      ]
    ],
    "fov": 60.0
  },
  {
    "camera_to_world": [
      [
        0.9925461516413219,
        0.0,
        -0.12186934340514848,
        0.505599235268724
      ],
      [
        -0.0,
        1.0,
        0.0,
        0.49951171875
      ],
      [
        0.12186934340514848,
        0.0,
        0.9925461516413219,
        0.5490905621645055
      ],
      [
        0.0,
        0.0,
        0.0,
        1.0
      ]
    ],
    "fov": 60.0
  },
  {
    "camera_to_world": [
      [
        0.9945218953682733,
        0.0,
        -0.10452846326765369,
        0.5047330379845122
      ],
      [
        -0.0,
        1.0,
        0.0,
        0.49951171875
      ],
      [
        0.10452846326765369,
        0.0,
        0.9945218953682733,
        0.5491892528789913
      ],
      [
        0.0,
        0.0,
        0.0,
        1.0
      ]
    ],
    "fov": 60.0
  },
  {
    "camera_to_world": [
      [
        0.9961946980917455,
        0.0,
        -0.08715574274765851,
        0.5038652502358816
      ],
      [
        -0.0,
        1.0,
        0.0,
        0.49951171875
      ],
      [
        0.08715574274765851,
        0.0,
        0.9961946980917455,
        0.5492728113353446
      ],
      [
        0.0,
        0.0,
        0.0,
        1.0
      ]
    ],
    "fov": 60.0
  },
  {
    "camera_to_world": [
      [
        0.9975640502598243,
        0.0,
        -0.06975647374412414,
        0.5029961363593867
      ],
      [
        -0.0,
        1.0,
        0.0,
        0.49951171875
      ],
      [
        0.06975647374412414,
        0.0,
        0.9975640502598243,
        0.5493412120808496
      ],
      [
        0.0,
        0.0,
        0.0,
        1.0
      ]
    ],
    "fov": 60.0
  },
  {
    "camera_to_world": [
      [
        0.9986295347545739,
        0.0,
        -0.05233595624294362,
        0.5021259610955338
      ],
      [
        -0.0,
        1.0,
        0.0,
        0.49951171875
      ],
      [
        0.05233595624294361,
        0.0,
        0.9986295347545738,
        0.549394434279977
      ],
      [
        0.0,
        0.0,
        0.0,
        1.0
      ]
    ],
    "fov": 60.0
  },
  {
    "camera_to_world": [
      [
        0.9993908270190958,
        0.0,
        -0.03489949670250109,
        0.5012549895081376
      ],
      [
        -0.0,
        1.0,
        0.0,
        0.49951171875
      ],
      [
        0.03489949670250109,
        0.0,
        0.9993908270190958,
        0.5494324617207292
      ],
      [
        0.0,
        0.0,
        0.0,
        1.0
      ]
    ],
    "fov": 60.0
  },
  {
    "camera_to_world": [
      [
        0.9998476951563913,
        0.0,
        -0.017452406437284247,
        0.5003834869035811
      ],
      [
        -0.0,
        1.0,
        0.0,
        0.49951171875
      ],
      [
        0.017452406437284244,
        0.0,
        0.9998476951563912,
        0.5494552828195796
      ],
      [
        0.0,
        0.0,
        0.0,
        1.0
      ]
    ],
    "fov": 60.0
  },
  {
    "camera_to_world": [
      [
        1.0,
        0.0,
        0.0,
        0.49951171875
      ],
      [
        0.0,
        1.0,
        0.0,
        0.49951171875
      ],
      [
        0.0,
        0.0,
        1.0,
        0.549462890625
      ],
      [
        0.0,
        0.0,
        0.0,
        1.0
      ]
    ],
    "fov": 60.0
  },
  {
    "camera_to_world": [
      [
        0.9998476951563913,
        -0.0,
        0.017452406437283137,
        0.4986399505964189
      ],
      [
        0.0,
        1.0,
        0.0,
        0.49951171875
      ],
      [
        -0.017452406437283133,
        0.0,
        0.9998476951563912,
        0.5494552828195796
      ],
      [
        0.0,
        0.0,
        0.0,
        1.0
      ]
    ],
    "fov": 60.0
  },
  {
    "camera_to_world": [
      [
        0.9993908270190958,
        -0.0,
        0.03489949670250109,
        0.4977684479918624
      ],
      [
        0.0,
        1.0,
