[
  {
    "camera_to_world": [
      [
        -1.0,
        0.0,
        0.0,
        0.0
      ],
      [
        0.0,
        1.0,
        0.0,
        0.0
      ],
      [
        0.0,
        0.0,
        -1.0,
        -4.5
      ],
      [
        0.0,
        0.0,
        0.0,
        1.0
      ]
    ],
    "fov": 60
  },
  {
    "camera_to_world": [
      [
        -1.0,
        0.0,
        0.0,
        0.0
      ],
      [
        0.0,
        1.0,
        0.0,
        0.0
      ],
      [
        0.0,
        0.0,
        -1.0,
        -4.0
      ],
      [
        0.0,
        0.0,
        0.0,
        1.0
      ]
    ],
    "fov": 60
  },
  {
    "camera_to_world": [
      [
        -1.0,
        0.0,
        0.0,
        0.0
      ],
      [
        0.0,
        1.0,
        0.0,
        0.0
      ],
      [
        0.0,
        0.0,
        -1.0,
        -3.5
      ],
      [
        0.0,
        0.0,
        0.0,
        1.0
      ]
    ],
    "fov": 60
  },
  {
    "camera_to_world": [
      [
        -1.0,
        0.0,
        0.0,
        0.0
      ],
      [
        0.0,
        1.0,
        0.0,
        0.0
      ],
      [
        0.0,
        0.0,
        -1.0,
        -3.0
      ],
      [
        0.0,
        0.0,
        0.0,
        1.0
      ]
    ],
    "fov": 60
  },
  {
    "camera_to_world": [
      [
        -1.0,
        0.0,
        0.0,
        0.0
      ],
      [
        0.0,
        1.0,
        0.0,
        0.0
      ],
      [
        0.0,
        0.0,
        -1.0,
        -2.5
      ],
      [
        0.0,
        0.0,
        0.0,
        1.0
      ]
    ],
    "fov": 60
  },
  {
    "camera_to_world": [
      [
        -1.0,
        0.0,
        0.0,
        0.0
      ],
      [
        0.0,
        1.0,
        0.0,
        0.0
      ],
      [
        0.0,
        0.0,
        -1.0,
        -2.0
      ],
      [
        0.0,
        0.0,
        0.0,
        1.0
      ]
    ],
    "fov": 60
  },
  {
    "camera_to_world": [
      [
        -1.0,
        0.0,
        0.0,
        0.0
      ],
      [
        0.0,
        1.0,
        0.0,
        0.0
      ],
      [
        0.0,
        0.0,
        -1.0,
        -1.5
      ],
      [
        0.0,
        0.0,
        0.0,
        1.0
      ]
    ],
    "fov": 60
  },
  {
    "camera_to_world": [
      [
        -1.0,
        0.0,
        0.0,
        0.0
      ],
      [
        0.0,
        1.0,
        0.0,
        0.0
      ],
      [
        0.0,
        0.0,
        -1.0,
        -1.0
      ],
      [
        0.0,
        0.0,
        0.0,
        1.0
      ]
    ],
    "fov": 60
  },
  {
    "camera_to_world": [
      [
        -1.0,
        0.0,
        0.0,
        0.0
      ],
      [
        0.0,
        1.0,
        0.0,
        0.0
      ],
      [
        0.0,
        0.0,
        -1.0,
        -0.5
      ],
      [
        0.0,
        0.0,
        0.0,
        1.0
      ]
    ],
    "fov": 60
  },
  {
    "camera_to_world": [
      [
        -0.7071067811865476,
        0.0,
        -0.7071067811865476,
        0.5
      ],
      [
        0.0,
        1.0,
        0.0,
        0.0
      ],
      [
        0.7071067811865475,
        0.0,
        -0.7071067811865475,
        -0.5
      ],
      [
        0.0,
        0.0,
        0.0,
        1.0
      ]
    ],
    "fov": 60
  },
  {
    "camera_to_world": [
      [
        -0.447213595499958,
        0.0,
        -0.894427190999916,
        1.0
      ],
      [
        0.0,
        1.0,
        0.0,
        0.0
      ],
      [
        0.8944271909999159,
        0.0,
        -0.4472135954999579,
        -0.5
      ],
      [
        0.0,
        0.0,
        0.0,
        1.0
      ]
    ],
    "fov": 60
  },
  {
    "camera_to_world": [
      [
        0.0,
        0.0,
        -1.0,
        1.0
      ],
      [
        -0.0,
        1.0,
        0.0,
        0.0
      ],
      [
        1.0,
        0.0,
        0.0,
        0.0
      ],
      [
        0.0,
        0.0,
        0.0,
        1.0
      ]
    ],
    "fov": 60
  },
  {
    "camera_to_world": [
      [
        0.447213595499958,
        0.0,
        -0.894427190999916,
        1.0
      ],
      [
        -0.0,
        1.0,
        0.0,
        0.0
      ],
      [
        0.8944271909999159,
        0.0,
        0.4472135954999579,
        0.5
      ],
      [
        0.0,
        0.0,
        0.0,
        1.0
      ]
    ],
    "fov": 60
  },
  {
    "camera_to_world": [
      [
        0.7071067811865476,
        0.0,
        -0.7071067811865476,
        1.0
      ],
      [
        -0.0,
        1.0,
        0.0,
        0.0
      ],
      [
        0.7071067811865475,
        0.0,
        0.7071067811865475,
        1.0
      ],
      [
        0.0,
        0.0,
        0.0,
        1.0
      ]
    ],
    "fov": 60
  },
  {
    "camera_to_world": [
      [
        0.8320502943378437,
        0.0,
        -0.5547001962252291,
        1.0
      ],
      [
        -0.0,
        1.0,
        0.0,
        0.0
      ],
      [
        0.5547001962252291,
        0.0,
        0.8320502943378437,
        1.5
      ],
      [
        0.0,
        0.0,
        0.0,
        1.0
      ]
    ],
    "fov": 60
  },
  {
    "camera_to_world": [
      [
        0.894427190999916,
        0.0,
        -0.447213595499958,
        1.0
      ],
      [
        -0.0,
        1.0,
        0.0,
        0.0
      ],
      [
        0.4472135954999579,
        0.0,
        0.8944271909999159,
        2.0
      ],
      [
        0.0,
        0.0,
        0.0,
        1.0
      ]
    ],
    "fov": 60
  },
  {
    "camera_to_world": [
      [
        0.9284766908852594,
        0.0,
        -0.3713906763541037,
        1.0
      ],
      [
        -0.0,
        1.0000000000000002,
        0.0,
        0.0
      ],
      [
        0.3713906763541037,
        0.0,
        0.9284766908852594,
        2.5
      ],
      [
        0.0,
        0.0,
        0.0,
        1.0
      ]
    ],
    "fov": 60
  },
  {
    "camera_to_world": [
      [
        0.9486832980505139,
        0.0,
        -0.316227766016838,
        1.0
      ],
      [
        -0.0,
        1.0,
        0.0,
        0.0
      ],
      [
        0.31622776601683794,
        0.0,
        0.9486832980505138,
        3.0
      ],
      [
        0.0,
        0.0,
        0.0,
        1.0
      ]
    ],
    "fov": 60
  },
  {
    "camera_to_world": [
      [
        0.9615239476408232,
        0.0,
        -0.27472112789737807,
        1.0
      ],
      [
        -0.0,
        1.0,
        0.0,
        0.0
      ],
      [
        0.27472112789737807,
        0.0,
        0.9615239476408232,
        3.5
      ],
      [
        0.0,
        0.0,
        0.0,
        1.0
      ]
    ],
    "fov": 60
  },
  {
    "camera_to_world": [
      [
        0.9701425001453319,
        0.0,
        -0.24253562503633297,
        1.0
      ],
      [
        -0.0,
        1.0,
        0.0,
        0.0
      ],
      [
        0.24253562503633297,
        0.0,
        0.9701425001453319,
        4.0
      ],
      [
        0.0,
        0.0,
        0.0,
        1.0
      ]
    ],
    "fov": 60
  },
  {
    "camera_to_world": [
      [
        0.9761870601839528,
        0.0,
        -0.21693045781865616,
        1.0
      ],
      [
        -0.0,
        1.0000000000000002,
        0.0,
        0.0
      ],
      [
        0.21693045781865616,
        0.0,
        0.9761870601839528,
        4.5
      ],
      [
        0.0,
        0.0,
        0.0,
        1.0
      ]
    ],
    "fov": 60
  },
  {
    "camera_to_world": [
      [
        0.9805806756909202,
        0.0,
        -0.19611613513818404,
        1.0
      ],
      [
        -0.0,
        1.0000000000000002,
        0.0,
        0.0
      ],
      [
        0.19611613513818404,
        0.0,
        0.9805806756909202,
        5.0
      ],
      [
        0.0,
        0.0,
        0.0,
        1.0
      ]
    ],
    "fov": 60
  },
  {
    "camera_to_world": [
      [
        0.9838699100999074,
        0.0,
        -0.17888543819998318,
        1.0
      ],
      [
        -0.0,
        1.0,
        0.0,
        0.0
      ],
      [
        0.17888543819998318,
        0.0,
        0.9838699100999074,
        5.5
      ],
      [
        0.0,
        0.0,
        0.0,
        1.0
      ]
    ],
    "fov": 60
  },
  {
    "camera_to_world": [
      [
        0.9863939238321437,
        0.0,
        -0.1643989873053573,
        1.0
      ],
      [
        -0.0,
        1.0,
        0.0,
        0.0
      ],
      [
        0.1643989873053573,
        0.0,
        0.9863939238321437,
        6.0
      ],
      [
        0.0,
        0.0,
        0.0,
        1.0
      ]
    ],
    "fov": 60
  },
  {
    "camera_to_world": [
      [
        0.9883716976506172,
        0.0,
        -0.1520571842539411,
        1.0
      ],
      [
        -0.0,
        1.0,
        0.0,
        0.0
      ],
      [
        0.1520571842539411,
        0.0,
        0.9883716976506172,
        6.5
      ],
      [
        0.0,
        0.0,
        0.0,
        1.0
      ]
    ],
    "fov": 60
  },
  {
    "camera_to_world": [
      [
        0.9899494936611666,
        0.0,
        -0.14142135623730953,
        1.0
      ],
      [
        -0.0,
        1.0,
        0.0,
        0.0
      ],
      [
        0.1414213562373095,
        0.0,
        0.9899494936611665,
        7.0
      ],
      [
        0.0,
        0.0,
        0.0,
        1.0
      ]
    ],
    "fov": 60
  },
  {
    "camera_to_world": [
      [
        0.9912279006826347,
        0.0,
        -0.13216372009101796,
        1.0
      ],
      [
        -0.0,
        1.0,
        0.0,
        0.0
      ],
      [
        0.13216372009101796,
        0.0,
        0.9912279006826347,
        7.5
      ],
      [
        0.0,
        0.0,
        0.0,
        1.0
      ]
    ],
    "fov": 60
  },
  {
    "camera_to_world": [
      [
        0.9922778767136677,
        0.0,
        -0.12403473458920847,
        1.0
      ],
      [
        -0.0,
        1.0000000000000002,
        0.0,
        0.0
      ],
      [
        0.12403473458920847,
        0.0,
        0.9922778767136677,
        8.0
      ],
      [
        0.0,
        0.0,
        0.0,
        1.0
      ]
    ],
    "fov": 60
  },
  {
    "camera_to_world": [
      [
        0.9931506043228763,
        0.0,
        -0.11684124756739721,
        1.0
      ],
      [
        -0.0,
        1.0,
        0.0,
        0.0
      ],
      [
        0.1168412475673972,
        0.0,
        0.9931506043228762,
        8.5
      ],
      [
        0.0,
        0.0,
        0.0,
        1.0
      ]
    ],
    "fov": 60
  },
  {
    "camera_to_world": [
      [
        0.9938837346736189,
        0.0,
        -0.11043152607484655,
        1.0
      ],
      [
        -0.0,
        0.9999999999999999,
        0.0,
        0.0
      ],
      [
        0.11043152607484653,
        0.0,
        0.9938837346736188,
        9.0
      ],
      [
        0.0,
        0.0,
        0.0,
        1.0
      ]
    ],
    "fov": 60
  },
  {
    "camera_to_world": [
      [
        0.9945054529214061,
        0.0,
        -0.10468478451804275,
        1.0
      ],
      [
        -0.0,
        1.0000000000000002,
        0.0,
        0.0
      ],
      [
        0.10468478451804275,
        0.0,
        0.9945054529214061,
        9.5
      ],
      [
        0.0,
        0.0,
        0.0,
        1.0
      ]
    ],
    "fov": 60
  },
  {
    "camera_to_world": [
      [
        0.9950371902099892,
        0.0,
        -0.09950371902099892,
        1.0
      ],
      [
        -0.0,
        1.0,
        0.0,
        0.0
      ],
      [
        0.09950371902099892,
        0.0,
        0.9950371902099892,
        10.0
      ],
      [
        0.0,
        0.0,
        0.0,
        1.0
      ]
    ],
    "fov": 60
  },
  {
    "camera_to_world": [
      [
        0.9889363528682975,
        0.0,
        -0.14834045293024462,
        1.5
      ],
      [
        -0.0,
        1.0,
        0.0,
        0.0
      ],
      [
        0.14834045293024462,
        0.0,
        0.9889363528682975,
        10.0
      ],
      [
        0.0,
        0.0,
        0.0,
        1.0
      ]
    ],
    "fov": 60
  },
  {
    "camera_to_world": [
      [
        0.9805806756909202,
        0.0,
        -0.19611613513818404,
        2.0
      ],
      [
        -0.0,
        1.0000000000000002,
        0.0,
        0.0
      ],
      [
        0.19611613513818404,
        0.0,
        0.9805806756909202,
        10.0
      ],
      [
        0.0,
        0.0,
        0.0,
        1.0
      ]
    ],
    "fov": 60
  },
  {
    "camera_to_world": [
      [
        0.9701425001453319,
        0.0,
        -0.24253562503633297,
        2.5
      ],
      [
        -0.0,
        1.0,
        0.0,
        0.0
      ],
      [
        0.24253562503633297,
        0.0,
        0.9701425001453319,
        10.0
      ],
      [
        0.0,
        0.0,
        0.0,
        1.0
      ]
    ],
    "fov": 60
  },
  {
    "camera_to_world": [
      [
        0.9578262852211514,
        0.0,
        -0.28734788556634544,
        3.0
      ],
      [
        -0.0,
        0.9999999999999999,
        0.0,
        0.0
      ],
      [
        0.2873478855663454,
        0.0,
        0.9578262852211513,
        10.0
      ],
      [
        0.0,
        0.0,
        0.0,
        1.0
      ]
    ],
    "fov": 60
  },
  {
    "camera_to_world": [
      [
        0.9438583563660174,
        0.0,
        -0.33035042472810616,
        3.5
      ],
      [
        -0.0,
        1.0,
        0.0,
        0.0
      ],
      [
        0.3303504247281061,
        0.0,
        0.9438583563660173,
        10.0
      ],
      [
        0.0,
        0.0,
        0.0,
        1.0
      ]
    ],
    "fov": 60
  },
  {
    "camera_to_world": [
      [
        0.9284766908852594,
        0.0,
        -0.3713906763541037,
        4.0
      ],
      [
        -0.0,
        1.0000000000000002,
        0.0,
        0.0
      ],
      [
        0.3713906763541037,
        0.0,
        0.9284766908852594,
        10.0
      ],
      [
        0.0,
        0.0,
        0.0,
        1.0
      ]
    ],
    "fov": 60
  },
  {
    "camera_to_world": [
      [
        0.9119215051751064,
        0.0,
        -0.4103646773287979,
        4.5
      ],
      [
        -0.0,
        1.0,
        0.0,
        0.0
      ],
      [
        0.4103646773287979,
        0.0,
        0.9119215051751064,
        10.0
      ],
      [
        0.0,
        0.0,
        0.0,
        1.0
      ]
    ],
    "fov": 60
  },
  {
    "camera_to_world": [
      [
        0.894427190999916,
        0.0,
        -0.447213595499958,
        5.0
      ],
      [
        -0.0,
        1.0,
        0.0,
        0.0
      ],
      [
        0.4472135954999579,
        0.0,
        0.8944271909999159,
        10.0
      ],
      [
        0.0,
        0.0,
        0.0,
        1.0
      ]
    ],
    "fov": 60
  },
  {
    "camera_to_world": [
      [
        0.8762159086766471,
        0.0,
        -0.4819187497721559,
        5.5
      ],
      [
        -0.0,
        1.0000000000000002,
        0.0,
        0.0
      ],
      [
        0.4819187497721559,
        0.0,
        0.8762159086766471,
        10.0
      ],
      [
        0.0,
        0.0,
        0.0,
        1.0
      ]
    ],
    "fov": 60
  },
  {
    "camera_to_world": [
      [
        0.8574929257125442,
        0.0,
        -0.5144957554275266,
        6.0
      ],
      [
        -0.0,
        1.0,
        0.0,
        0.0
      ],
      [
        0.5144957554275265,
        0.0,
        0.8574929257125441,
        10.0
      ],
      [
        0.0,
        0.0,
        0.0,
        1.0
      ]
    ],
    "fov": 60
  },
  {
    "camera_to_world": [
      [
        0.8384436163006371,
        0.0,
        -0.5449883505954142,
        6.5
      ],
      [
        -0.0,
        1.0,
        0.0,
        0.0
      ],
      [
        0.5449883505954141,
        0.0,
        0.838443616300637,
        10.0
      ],
      [
        0.0,
        0.0,
        0.0,
        1.0
      ]
    ],
    "fov": 60
  },
  {
    "camera_to_world": [
      [
        0.8192319205190405,
        0.0,
        -0.5734623443633283,
        7.0
      ],
      [
        -0.0,
        1.0,
        0.0,
        0.0
      ],
      [
        0.5734623443633283,
        0.0,
        0.8192319205190405,
        10.0
      ],
      [
        0.0,
        0.0,
        0.0,
        1.0
      ]
    ],
    "fov": 60
  },
  {
    "camera_to_world": [
      [
        0.8,
        0.0,
        -0.6,
        7.5
      ],
      [
        -0.0,
        1.0,
        0.0,
        0.0
      ],
      [
        0.6,
        0.0,
        0.8,
        10.0
      ],
      [
        0.0,
        0.0,
        0.0,
        1.0
      ]
    ],
    "fov": 60
  },
  {
    "camera_to_world": [
      [
        0.7808688094430304,
        0.0,
        -0.6246950475544243,
        8.0
      ],
      [
        -0.0,
        1.0,
        0.0,
        0.0
      ],
      [
        0.6246950475544243,
        0.0,
        0.7808688094430304,
        10.0
      ],
      [
        0.0,
        0.0,
        0.0,
        1.0
      ]
    ],
    "fov": 60
  },
  {
    "camera_to_world": [
      [
        0.7619393177594593,
        0.0,
        -0.6476484200955405,
        8.5
      ],
      [
        -0.0,
        1.0,
        0.0,
        0.0
      ],
      [
        0.6476484200955405,
        0.0,
        0.7619393177594593,
        10.0
      ],
      [
        0.0,
        0.0,
        0.0,
        1.0
      ]
    ],
    "fov": 60
  },
  {
    "camera_to_world": [
      [
        0.7432941462471664,
        0.0,
        -0.6689647316224497,
        9.0
      ],
      [
        -0.0,
        1.0000000000000002,
        0.0,
        0.0
      ],
      [
        0.6689647316224497,
        0.0,
        0.7432941462471664,
        10.0
      ],
      [
        0.0,
        0.0,
        0.0,
        1.0
      ]
    ],
    "fov": 60
  },
  {
    "camera_to_world": [
      [
        0.7249994335944139,
        0.0,
        -0.6887494619146931,
        9.5
      ],
      [
        -0.0,
        1.0,
        0.0,
        0.0
      ],
      [
        0.688749461914693,
        0.0,
        0.7249994335944138,
        10.0
      ],
      [
        0.0,
        0.0,
        0.0,
        1.0
      ]
    ],
    "fov": 60
  },
  {
    "camera_to_world": [
      [
        0.7071067811865476,
        0.0,
        -0.7071067811865476,
        10.0
      ],
      [
        -0.0,
        1.0,
        0.0,
        0.0
      ],
      [
        0.7071067811865475,
        0.0,
        0.7071067811865475,
        10.0
      ],
      [
        0.0,
        0.0,
        0.0,
        1.0
      ]
    ],
    "fov": 60
  }
]