[
  {
    "camera_to_world": [
      [
        0.0,
        0.0,
        -1.0,
        0.549462890625
      ],
      [
        -0.0,
        1.0,
        0.0,
        0.49951171875
      ],
      [
        1.0,
        0.0,
        0.0,
        0.49951171875
      ],
      [
        0.0,
        0.0,
        0.0,
        1.0
      ]
    ],
    "fov": 60.0
  },
  {
    "camera_to_world": [
      [
        0.008726535498374018,
        0.0,
        -0.9999619230641713,
        0.549460988637434
      ],
      [
        -0.0,
        0.9999999999999999,
        0.0,
        0.49951171875
      ],
      [
        0.9999619230641712,
        0.0,
        0.008726535498374016,
        0.49994761942455257
      ],
      [
        0.0,
        0.0,
        0.0,
        1.0
      ]
    ],
    "fov": 60.0
  },
  {
    "camera_to_world": [
      [
        0.017452406437284247,
        0.0,
        -0.9998476951563913,
        0.5494552828195796
      ],
      [
        -0.0,
        1.0,
        0.0,
        0.49951171875
      ],
      [
        0.9998476951563912,
        0.0,
        0.017452406437284244,
        0.5003834869035811
      ],
      [
        0.0,
        0.0,
        0.0,
        1.0
      ]
    ],
    "fov": 60.0
  },
  {
    "camera_to_world": [
      [
        0.026176948307873704,
        0.0,
        -0.9996573249755573,
        0.5494457736059568
      ],
      [
        -0.0,
        1.0,
        0.0,
        0.49951171875
      ],
      [
        0.9996573249755573,
        0.0,
        0.026176948307873704,
        0.5008192879940896
      ],
      [
        0.0,
        0.0,
        0.0,
        1.0
      ]
    ],
    "fov": 60.0
  },
  {
    "camera_to_world": [
      [
        0.03489949670250109,
        0.0,
        -0.9993908270190958,
        0.5494324617207292
      ],
      [
        -0.0,
        1.0,
        0.0,
        0.49951171875
      ],
      [
        0.9993908270190958,
        0.0,
        0.03489949670250109,
        0.5012549895081376
      ],
      [
        0.0,
        0.0,
        0.0,
        1.0
      ]
    ],
    "fov": 60.0
  },
  {
    "camera_to_world": [
      [
        0.04361938736533645,
        0.0,
        -0.9990482215818578,
        0.5494153481776485
      ],
      [
        -0.0,
        1.0,
        0.0,
        0.49951171875
      ],
      [
        0.9990482215818577,
        0.0,
        0.043619387365336444,
        0.5016905582653681
      ],
      [
        0.0,
        0.0,
        0.0,
        1.0
      ]
    ],
    "fov": 60.0
  },
  {
    "camera_to_world": [
      [
        0.05233595624294362,
        0.0,
        -0.9986295347545739,
        0.549394434279977
      ],
      [
        -0.0,
        1.0,
        0.0,
        0.49951171875
      ],
      [
        0.9986295347545738,
        0.0,
        0.05233595624294361,
        0.5021259610955338
      ],
      [
        0.0,
        0.0,
        0.0,
        1.0
      ]
    ],
    "fov": 60.0
  },
  {
    "camera_to_world": [
      [
        0.06104853953485788,
        0.0,
        -0.9981347984218669,
        0.5493697216203892
      ],
      [
        -0.0,
        0.9999999999999999,
        0.0,
        0.49951171875
      ],
      [
        0.9981347984218668,
        0.0,
        0.06104853953485787,
        0.5025611648410234
      ],
      [
        0.0,
        0.0,
        0.0,
        1.0
      ]
    ],
    "fov": 60.0
  },
  {
    "camera_to_world": [
      [
        0.06975647374412634,
        0.0,
        -0.9975640502598242,
        0.5493412120808496
      ],
      [
        -0.0,
        1.0,
        0.0,
        0.49951171875
      ],
      [
        0.9975640502598242,
        0.0,
        0.06975647374412634,
        0.5029961363593868
      ],
      [
        0.0,
        0.0,
        0.0,
        1.0
      ]
    ],
    "fov": 60.0
  },
  {
    "camera_to_world": [
      [
        0.0784590957278453,
        0.0,
        -0.996917333733128,
        0.5493089078324702
      ],
      [
        -0.0,
        1.0,
        0.0,
        0.49951171875
      ],
      [
        0.996917333733128,
        0.0,
        0.0784590957278453,
        0.5034308425258587
      ],
      [
        0.0,
        0.0,
        0.0,
        1.0
      ]
    ],
    "fov": 60.0
  },
  {
    "camera_to_world": [
      [
        0.08715574274765851,
        0.0,
        -0.9961946980917455,
        0.5492728113353446
      ],
      [
        -0.0,
        1.0,
        0.0,
        0.49951171875
      ],
      [
        0.9961946980917455,
        0.0,
        0.08715574274765851,
        0.5038652502358816
      ],
      [
        0.0,
        0.0,
        0.0,
        1.0
      ]
    ],
    "fov": 60.0
  },
  {
    "camera_to_world": [
      [
        0.09584575252022404,
        0.0,
        -0.9953961983671789,
        0.5492329253383605
      ],
      [
        -0.0,
        1.0,
        0.0,
        0.49951171875
      ],
      [
        0.9953961983671787,
        0.0,
        0.09584575252022402,
        0.5042993264076264
      ],
      [
        0.0,
        0.0,
        0.0,
        1.0
      ]
    ],
    "fov": 60.0
  },
  {
    "camera_to_world": [
      [
        0.10452846326765369,
        0.0,
        -0.9945218953682733,
        0.5491892528789913
      ],
      [
        -0.0,
        1.0,
        0.0,
        0.49951171875
      ],
      [
        0.9945218953682733,
        0.0,
        0.10452846326765369,
        0.5047330379845122
      ],
      [
        0.0,
        0.0,
        0.0,
        1.0
      ]
    ],
    "fov": 60.0
  },
  {
    "camera_to_world": [
      [
        0.11320321376790686,
        0.0,
        -0.9935718556765875,
        0.5491417972830639
      ],
      [
        -0.0,
        1.0,
        0.0,
        0.49951171875
      ],
      [
        0.9935718556765875,
        0.0,
        0.11320321376790686,
        0.5051663519377231
      ],
      [
        0.0,
        0.0,
        0.0,
        1.0
      ]
    ],
    "fov": 60.0
  },
  {
    "camera_to_world": [
      [
        0.12186934340514849,
        0.0,
        -0.992546151641322,
        0.5490905621645055
      ],
      [
        -0.0,
        1.0,
        0.0,
        0.49951171875
      ],
      [
        0.9925461516413219,
        0.0,
        0.12186934340514848,
        0.505599235268724
      ],
      [
        0.0,
        0.0,
        0.0,
        1.0
      ]
    ],
    "fov": 60.0
  },
  {
    "camera_to_world": [
      [
        0.1305261922200509,
        0.0,
        -0.9914448613738105,
        0.5490355514250688
      ],
      [
        -0.0,
        1.0,
        0.0,
        0.49951171875
      ],
      [
        0.9914448613738105,
        0.0,
        0.1305261922200509,
        0.506031655011773
      ],
      [
        0.0,
        0.0,
        0.0,
        1.0
      ]
    ],
    "fov": 60.0
  },
  {
    "camera_to_world": [
      [
        0.13917310096006544,
        0.0,
        -0.9902680687415704,
        0.5489767692540345
      ],
      [
        -0.0,
        1.0,
        0.0,
        0.49951171875
      ],
      [
        0.9902680687415703,
        0.0,
        0.1391731009600654,
        0.506463578236433
      ],
      [
        0.0,
        0.0,
        0.0,
        1.0
      ]
    ],
    "fov": 60.0
  },
  {
    "camera_to_world": [
      [
        0.1478094111296107,
        0.0,
        -0.9890158633619168,
        0.5489142201278926
      ],
      [
        -0.0,
        1.0,
        0.0,
        0.49951171875
      ],
      [
        0.9890158633619168,
        0.0,
        0.1478094111296107,
        0.5068949720500777
      ],
      [
        0.0,
        0.0,
        0.0,
        1.0
      ]
    ],
    "fov": 60.0
  },
  {
    "camera_to_world": [
      [
        0.15643446504023098,
        0.0,
        -0.9876883405951378,
        0.5488479088100012
      ],
      [
        -0.0,
        1.0,
        0.0,
        0.49951171875
      ],
      [
        0.9876883405951378,
        0.0,
        0.15643446504023098,
        0.5073258036003983
      ],
      [
        0.0,
        0.0,
        0.0,
        1.0
      ]
    ],
    "fov": 60.0
  },
  {
    "camera_to_world": [
      [
        0.16504760586067788,
        0.0,
        -0.9862856015372314,
        0.548777840350224
      ],
      [
        -0.0,
        1.0,
        0.0,
        0.49951171875
      ],
      [
        0.9862856015372313,
        0.0,
        0.16504760586067785,
        0.507756040077904
      ],
      [
        0.0,
        0.0,
        0.0,
        1.0
      ]
    ],
    "fov": 60.0
  },
  {
    "camera_to_world": [
      [
        0.17364817766693139,
        0.0,
        -0.9848077530122079,
        0.5487040200845453
      ],
      [
        -0.0,
        1.0,
        0.0,
        0.49951171875
      ],
      [
        0.9848077530122079,
        0.0,
        0.17364817766693139,
        0.5081856487184214
      ],
      [
        0.0,
        0.0,
        0.0,
        1.0
      ]
    ],
    "fov": 60.0
  },
  {
    "camera_to_world": [
      [
        0.18223552549214708,
        0.0,
        -0.9832549075639547,
        0.5486264536346643
      ],
      [
        -0.0,
        1.0,
        0.0,
        0.49951171875
      ],
      [
        0.9832549075639546,
        0.0,
        0.18223552549214705,
        0.5086145968055892
      ],
      [
        0.0,
        0.0,
        0.0,
        1.0
      ]
    ],
    "fov": 60.0
  },
  {
    "camera_to_world": [
      [
        0.1908089953765443,
        0.0,
        -0.9816271834476641,
        0.5485451469075664
      ],
      [
        -0.0,
        1.0,
        0.0,
        0.49951171875
      ],
      [
        0.9816271834476641,
        0.0,
        0.1908089953765443,
        0.5090428516733498
      ],
      [
        0.0,
        0.0,
        0.0,
        1.0
      ]
    ],
    "fov": 60.0
  },
  {
    "camera_to_world": [
      [
        0.19936793441719822,
        0.0,
        -0.9799247046208295,
        0.5484601060950737
      ],
      [
        -0.0,
        1.0000000000000002,
        0.0,
        0.49951171875
      ],
      [
        0.9799247046208295,
        0.0,
        0.19936793441719822,
        0.5094703807084372
      ],
      [
        0.0,
        0.0,
        0.0,
        1.0
      ]
    ],
    "fov": 60.0
  },
  {
    "camera_to_world": [
      [
        0.20791169081775893,
        0.0,
        -0.9781476007338058,
        0.5483713376733732
      ],
      [
        -0.0,
        1.0,
        0.0,
        0.49951171875
      ],
      [
        0.9781476007338057,
        0.0,
        0.2079116908177589,
        0.5098971513528597
      ],
      [
        0.0,
        0.0,
        0.0,
        1.0
      ]
    ],
    "fov": 60.0
  },
  {
    "camera_to_world": [
      [
        0.21643961393810293,
        0.0,
        -0.9762960071199334,
        0.548278848402524
      ],
      [
        -0.0,
        1.0,
        0.0,
        0.49951171875
      ],
      [
        0.9762960071199334,
        0.0,
        0.21643961393810293,
        0.5103231311063808
      ],
      [
        0.0,
        0.0,
        0.0,
        1.0
      ]
    ],
    "fov": 60.0
  },
  {
    "camera_to_world": [
      [
        0.224951054343864,
        0.0,
        -0.9743700647852355,
        0.5481826453259422
      ],
      [
        -0.0,
        1.0,
        0.0,
        0.49951171875
      ],
      [
        0.9743700647852355,
        0.0,
        0.224951054343864,
        0.5107482875289928
      ],
      [
        0.0,
        0.0,
        0.0,
        1.0
      ]
    ],
    "fov": 60.0
  },
  {
    "camera_to_world": [
      [
        0.23344536385590622,
        0.0,
        -0.9723699203976764,
        0.5480827357698644
      ],
      [
        -0.0,
        1.0,
        0.0,
        0.49951171875
      ],
      [
        0.9723699203976763,
        0.0,
        0.2334453638559062,
        0.5111725882433883
      ],
      [
        0.0,
        0.0,
        0.0,
        1.0
      ]
    ],
    "fov": 60.0
  },
  {
    "camera_to_world": [
      [
        0.24192189559966837,
        0.0,
        -0.9702957262759964,
        0.5479791273427903
      ],
      [
        -0.0,
        1.0,
        0.0,
        0.49951171875
      ],
      [
        0.9702957262759964,
        0.0,
        0.24192189559966837,
        0.5115960009374249
      ],
      [
        0.0,
        0.0,
        0.0,
        1.0
      ]
    ],
    "fov": 60.0
  },
  {
    "camera_to_world": [
      [
        0.2503800040544408,
        0.0,
        -0.9681476403781081,
        0.5478718279349025
      ],
      [
        -0.0,
        1.0000000000000002,
        0.0,
        0.49951171875
      ],
      [
        0.9681476403781081,
        0.0,
        0.2503800040544408,
        0.5120184933665866
      ],
      [
        0.0,
        0.0,
        0.0,
        1.0
      ]
    ],
    "fov": 60.0
  },
  {
    "camera_to_world": [
      [
        0.2588190451025209,
        0.0,
        -0.9659258262890683,
        0.5477608457174666
      ],
      [
        -0.0,
        1.0,
        0.0,
        0.49951171875
      ],
      [
        0.9659258262890682,
        0.0,
        0.25881904510252085,
        0.5124400333564394
      ],
      [
        0.0,
        0.0,
        0.0,
        1.0
      ]
    ],
    "fov": 60.0
  },
  {
    "camera_to_world": [
      [
        0.26723837607825685,
        0.0,
        -0.9636304532086231,
        0.5476461891422081
      ],
      [
        -0.0,
        1.0,
        0.0,
        0.49951171875
      ],
      [
        0.963630453208623,
        0.0,
        0.2672383760782568,
        0.5128605888050809
      ],
      [
        0.0,
        0.0,
        0.0,
        1.0
      ]
    ],
    "fov": 60.0
  },
  {
    "camera_to_world": [
      [
        0.2756373558170004,
        0.0,
        -0.9612616959383186,
        0.5475278669406689
      ],
      [
        -0.0,
        1.0,
        0.0,
        0.49951171875
      ],
      [
        0.9612616959383186,
        0.0,
        0.2756373558170004,
        0.5132801276855855
      ],
      [
        0.0,
        0.0,
        0.0,
        1.0
      ]
    ],
    "fov": 60.0
  },
  {
    "camera_to_world": [
      [
        0.2840153447039217,
        0.0,
        -0.9588197348681934,
        0.5474058881235431
      ],
      [
        -0.0,
        1.0,
        0.0,
        0.49951171875
      ],
      [
        0.9588197348681933,
        0.0,
        0.28401534470392165,
        0.513698618048443
      ],
      [
        0.0,
        0.0,
        0.0,
        1.0
      ]
    ],
    "fov": 60.0
  },
  {
    "camera_to_world": [
      [
        0.2923717047227365,
        0.0,
        -0.9563047559630357,
        0.5472802619799895
      ],
      [
        -0.0,
        1.0000000000000002,
        0.0,
        0.49951171875
      ],
      [
        0.9563047559630357,
        0.0,
        0.2923717047227365,
        0.5141160280239921
      ],
      [
        0.0,
        0.0,
        0.0,
        1.0
      ]
    ],
    "fov": 60.0
  },
  {
    "camera_to_world": [
      [
        0.3007057995042726,
        0.0,
        -0.9537169507482272,
        0.5471509980769256
      ],
      [
        -0.0,
        1.0,
        0.0,
        0.49951171875
      ],
      [
        0.953716950748227,
        0.0,
        0.30070579950427256,
        0.5145323258248472
      ],
      [
        0.0,
        0.0,
        0.0,
        1.0
      ]
    ],
    "fov": 60.0
  },
  {
    "camera_to_world": [
      [
        0.3090169943749473,
        0.0,
        -0.9510565162951538,
        0.5470181062582979
      ],
      [
        -0.0,
        1.0000000000000002,
        0.0,
        0.49951171875
      ],
      [
        0.9510565162951538,
        0.0,
        0.3090169943749473,
        0.5149474797483189
      ],
      [
        0.0,
        0.0,
        0.0,
        1.0
      ]
    ],
    "fov": 60.0
  },
  {
    "camera_to_world": [
      [
        0.31730465640509276,
        0.0,
        -0.9483236552061992,
        0.5468815966443331
      ],
      [
        -0.0,
        1.0,
        0.0,
        0.49951171875
      ],
      [
        0.9483236552061991,
        0.0,
        0.3173046564050927,
        0.5153614581788286
      ],
      [
        0.0,
        0.0,
        0.0,
        1.0
      ]
    ],
    "fov": 60.0
  },
  {
    "camera_to_world": [
      [
        0.32556815445715565,
        0.0,
        -0.9455185755993172,
        0.5467414796307667
      ],
      [
        -0.0,
        1.0,
        0.0,
        0.49951171875
      ],
      [
        0.9455185755993172,
        0.0,
        0.32556815445715565,
        0.5157742295903159
      ],
      [
        0.0,
        0.0,
        0.0,
        1.0
      ]
    ],
    "fov": 60.0
  },
  {
    "camera_to_world": [
      [
        0.33380685923377107,
        0.0,
        -0.9426414910921784,
        0.5465977658880516
      ],
      [
        -0.0,
        1.0,
        0.0,
        0.49951171875
      ],
      [
        0.9426414910921784,
        0.0,
        0.33380685923377107,
        0.51618576254864
      ],
      [
        0.0,
        0.0,
        0.0,
        1.0
      ]
    ],
    "fov": 60.0
  },
  {
    "camera_to_world": [
      [
        0.34202014332566816,
        0.0,
        -0.9396926207859086,
        0.5464504663605461
      ],
      [
        -0.0,
        1.0,
        0.0,
        0.49951171875
      ],
      [
        0.9396926207859086,
        0.0,
        0.34202014332566816,
        0.5165960257139726
      ],
      [
        0.0,
        0.0,
        0.0,
        1.0
      ]
    ],
    "fov": 60.0
  },
  {
    "camera_to_world": [
      [
        0.35020738125946665,
        0.0,
        -0.936672189248398,
        0.5462995922656793
      ],
      [
        -0.0,
        1.0,
        0.0,
        0.49951171875
      ],
      [
        0.9366721892483979,
        0.0,
        0.3502073812594666,
        0.5170049878431853
      ],
      [
        0.0,
        0.0,
        0.0,
        1.0
      ]
    ],
    "fov": 60.0
  },
  {
    "camera_to_world": [
      [
        0.3583679495452992,
        0.0,
        -0.9335804264972022,
        0.5461451550930976
      ],
      [
        -0.0,
        0.9999999999999999,
        0.0,
        0.49951171875
      ],
      [
        0.9335804264972021,
        0.0,
        0.35836794954529916,
        0.5174126177922286
      ],
      [
        0.0,
        0.0,
        0.0,
        1.0
      ]
    ],
    "fov": 60.0
  },
  {
    "camera_to_world": [
      [
        0.366501226724296,
        0.0,
        -0.930417567982025,
        0.5459871666037897
      ],
      [
        -0.0,
        1.0,
        0.0,
        0.49951171875
      ],
      [
        0.930417567982025,
        0.0,
        0.366501226724296,
        0.5178188845185037
      ],
      [
        0.0,
        0.0,
        0.0,
        1.0
      ]
    ],
    "fov": 60.0
  },
  {
    "camera_to_world": [
      [
        0.37460659341591107,
        0.0,
        -0.9271838545667879,
        0.5458256388291907
      ],
      [
        -0.0,
        1.0,
        0.0,
        0.49951171875
      ],
      [
        0.9271838545667878,
        0.0,
        0.374606593415911,
        0.5182237570832264
      ],
      [
        0.0,
        0.0,
        0.0,
        1.0
      ]
    ],
    "fov": 60.0
  },
  {
    "camera_to_world": [
      [
        0.38268343236508956,
        0.0,
        -0.9238795325112868,
        0.545660584070266
      ],
      [
        -0.0,
        1.0,
        0.0,
        0.49951171875
      ],
      [
        0.9238795325112868,
        0.0,
        0.38268343236508956,
        0.5186272046537835
      ],
      [
        0.0,
        0.0,
        0.0,
        1.0
      ]
    ],
    "fov": 60.0
  },
  {
    "camera_to_world": [
      [
        0.39073112848927305,
        0.0,
        -0.9205048534524406,
        0.5454920148965745
      ],
      [
        -0.0,
        1.0,
        0.0,
        0.49951171875
      ],
      [
        0.9205048534524406,
        0.0,
        0.39073112848927305,
        0.5190291965060804
      ],
      [
        0.0,
        0.0,
        0.0,
        1.0
      ]
    ],
    "fov": 60.0
  },
  {
    "camera_to_world": [
      [
        0.3987490689252467,
        0.0,
        -0.9170600743851239,
        0.5453199441453116
      ],
      [
        -0.0,
        1.0,
        0.0,
        0.49951171875
      ],
      [
        0.9170600743851238,
        0.0,
        0.39874906892524664,
        0.5194297020268812
      ],
      [
        0.0,
        0.0,
        0.0,
        1.0
      ]
    ],
    "fov": 60.0
  },
  {
    "camera_to_world": [
      [
        0.4067366430757995,
        0.0,
        -0.9135454576426013,
        0.5451443849203311
      ],
      [
        -0.0,
        1.0,
        0.0,
        0.49951171875
      ],
      [
        0.9135454576426012,
        0.0,
        0.40673664307579943,
        0.5198286907161398
      ],
      [
        0.0,
        0.0,
        0.0,
        1.0
      ]
    ],
    "fov": 60.0
  },
  {
    "camera_to_world": [
      [
        0.41469324265623975,
        0.0,
        -0.9099612708765429,
        0.5449653505911476
      ],
      [
        -0.0,
        1.0,
        0.0,
        0.49951171875
      ],
      [
        0.9099612708765429,
        0.0,
        0.41469324265623975,
        0.5202261321893229
      ],
      [
        0.0,
        0.0,
        0.0,
        1.0
      ]
    ],
    "fov": 60.0
  },
  {
    "camera_to_world": [
      [
        0.4226182617406991,
        0.0,
        -0.9063077870366502,
        0.5447828547919186
      ],
      [
        -0.0,
        1.0000000000000002,
        0.0,
        0.49951171875
      ],
      [
        0.9063077870366502,
        0.0,
        0.4226182617406991,
        0.5206219961797234
      ],
      [
        0.0,
        0.0,
        0.0,
        1.0
      ]
    ],
    "fov": 60.0
  },
  {
    "camera_to_world": [
      [
        0.43051109680829447,
        0.0,
        -0.902585284349861,
        0.5445969114204057
      ],
      [
        -0.0,
        1.0,
        0.0,
        0.49951171875
      ],
      [
        0.902585284349861,
        0.0,
        0.43051109680829447,
        0.5210162525407659
      ],
      [
        0.0,
        0.0,
        0.0,
        1.0
      ]
    ],
    "fov": 60.0
  },
  {
    "camera_to_world": [
      [
        0.4383711467890773,
        0.0,
        -0.8987940462991671,
        0.5444075346369164
      ],
      [
        -0.0,
        1.0,
        0.0,
        0.49951171875
      ],
      [
        0.898794046299167,
        0.0,
        0.43837114678907724,
        0.521408871248302
      ],
      [
        0.0,
        0.0,
        0.0,
        1.0
      ]
    ],
    "fov": 60.0
  },
  {
    "camera_to_world": [
      [
        0.44619781310980977,
        0.0,
        -0.8949343616020246,
        0.5442147388632261
      ],
      [
        -0.0,
        1.0,
        0.0,
        0.49951171875
      ],
      [
        0.8949343616020246,
        0.0,
        0.44619781310980977,
        0.5217998224028972
      ],
      [
        0.0,
        0.0,
        0.0,
        1.0
      ]
    ],
    "fov": 60.0
  },
  {
    "camera_to_world": [
      [
        0.45399049973954575,
        0.0,
        -0.8910065241883685,
        0.5440185387814795
      ],
      [
        -0.0,
        1.0,
        0.0,
        0.49951171875
      ],
      [
        0.8910065241883683,
        0.0,
        0.4539904997395457,
        0.5221890762321072
      ],
      [
        0.0,
        0.0,
        0.0,
        1.0
      ]
    ],
    "fov": 60.0
  },
  {
    "camera_to_world": [
      [
        0.4617486132350347,
        0.0,
        -0.8870108331782214,
        0.5438189493330723
      ],
      [
        -0.0,
        1.0,
        0.0,
        0.49951171875
      ],
      [
        0.8870108331782213,
        0.0,
        0.46174861323503463,
        0.5225766030927461
      ],
      [
        0.0,
        0.0,
        0.0,
        1.0
      ]
    ],
    "fov": 60.0
  },
  {
    "camera_to_world": [
      [
        0.46947156278589086,
        0.0,
        -0.882947592858927,
        0.5436159857175138
      ],
      [
        -0.0,
        1.0000000000000002,
        0.0,
        0.49951171875
      ],
      [
        0.882947592858927,
        0.0,
        0.46947156278589086,
        0.5229623734731429
      ],
      [
        0.0,
        0.0,
        0.0,
        1.0
      ]
    ],
    "fov": 60.0
  },
  {
    "camera_to_world": [
      [
        0.4771587602596089,
        0.0,
        -0.8788171126619652,
        0.5434096633912691
      ],
      [
        -0.0,
        1.0,
        0.0,
        0.49951171875
      ],
      [
        0.878817112661965,
        0.0,
        0.47715876025960885,
        0.5233463579953896
      ],
      [
        0.0,
        0.0,
        0.0,
        1.0
      ]
    ],
    "fov": 60.0
  },
  {
    "camera_to_world": [
      [
        0.4848096202463367,
        0.0,
        -0.8746197071393961,
        0.5431999980665821
      ],
      [
        -0.0,
        1.0,
        0.0,
        0.49951171875
      ],
      [
        0.874619707139396,
        0.0,
        0.48480962024633667,
        0.5237285274175782
      ],
      [
        0.0,
        0.0,
        0.0,
        1.0
      ]
    ],
    "fov": 60.0
  },
  {
    "camera_to_world": [
      [
        0.4924235601034676,
        0.0,
        -0.8703556959398995,
        0.5429870057102791
      ],
      [
        -0.0,
        1.0,
        0.0,
        0.49951171875
      ],
      [
        0.8703556959398994,
        0.0,
        0.49242356010346755,
        0.5241088526360277
      ],
      [
        0.0,
        0.0,
        0.0,
        1.0
      ]
    ],
    "fov": 60.0
  },
  {
    "camera_to_world": [
      [
        0.5000000000000007,
        0.0,
        -0.8660254037844383,
        0.5427707025425528
      ],
      [
        -0.0,
        1.0,
        0.0,
        0.49951171875
      ],
      [
        0.8660254037844383,
        0.0,
        0.5000000000000007,
        0.5244873046875
      ],
      [
        0.0,
        0.0,
        0.0,
        1.0
      ]
    ],
    "fov": 60.0
  },
  {
    "camera_to_world": [
      [
        0.5075383629607049,
        0.0,
        -0.8616291604415254,
        0.5425511050357266
      ],
      [
        -0.0,
        1.0,
        0.0,
        0.49951171875
      ],
      [
        0.8616291604415254,
        0.0,
        0.5075383629607049,
        0.5248638547514063
      ],
      [
        0.0,
        0.0,
        0.0,
        1.0
      ]
    ],
    "fov": 60.0
  },
  {
    "camera_to_world": [
      [
        0.5150380749100537,
        0.0,
        -0.8571673007021126,
        0.542328229913001
      ],
      [
        -0.0,
        1.0,
        0.0,
        0.49951171875
      ],
      [
        0.8571673007021126,
        0.0,
        0.5150380749100537,
        0.5252384741520012
      ],
      [
        0.0,
        0.0,
        0.0,
        1.0
      ]
    ],
    "fov": 60.0
  },
  {
    "camera_to_world": [
      [
        0.5224985647159491,
        0.0,
        -0.8526401643540921,
        0.5421020941471795
      ],
      [
        -0.0,
        1.0,
        0.0,
        0.49951171875
      ],
      [
        0.8526401643540921,
        0.0,
        0.5224985647159491,
        0.5256111343605672
      ],
      [
        0.0,
        0.0,
        0.0,
        1.0
      ]
    ],
    "fov": 60.0
  },
  {
    "camera_to_world": [
      [
        0.5299192642332047,
        0.0,
        -0.8480480961564263,
        0.5418727149593762
      ],
      [
        -0.0,
        1.0000000000000002,
        0.0,
        0.49951171875
      ],
      [
        0.8480480961564263,
        0.0,
        0.5299192642332047,
        0.5259818069975863
      ],
      [
        0.0,
        0.0,
        0.0,
        1.0
      ]
    ],
    "fov": 60.0
  },
  {
    "camera_to_world": [
      [
        0.537299608346824,
        0.0,
        -0.8433914458128857,
        0.5416401098177042
      ],
      [
        -0.0,
        1.0,
        0.0,
        0.49951171875
      ],
      [
        0.8433914458128856,
        0.0,
        0.5372996083468239,
        0.5263504638349024
      ],
      [
        0.0,
        0.0,
        0.0,
        1.0
      ]
    ],
    "fov": 60.0
  },
  {
    "camera_to_world": [
      [
        0.5446390350150262,
        0.0,
        -0.8386705679454247,
        0.5414042964359458
      ],
      [
        -0.0,
        1.0000000000000002,
        0.0,
        0.49951171875
      ],
      [
        0.8386705679454247,
        0.0,
        0.5446390350150262,
        0.5267170767978697
      ],
      [
        0.0,
        0.0,
        0.0,
        1.0
      ]
    ],
    "fov": 60.0
  },
  {
    "camera_to_world": [
      [
        0.551936985312058,
        0.0,
        -0.8338858220671683,
        0.5411652927722028
      ],
      [
        -0.0,
        1.0,
        0.0,
        0.49951171875
      ],
      [
        0.8338858220671682,
        0.0,
        0.5519369853120579,
        0.527081617967492
      ],
      [
        0.0,
        0.0,
        0.0,
        1.0
      ]
    ],
    "fov": 60.0
  },
  {
    "camera_to_world": [
      [
        0.5591929034707469,
        0.0,
        -0.8290375725550417,
        0.5409231170275297
      ],
      [
        -0.0,
        1.0000000000000002,
        0.0,
        0.49951171875
      ],
      [
        0.8290375725550417,
        0.0,
        0.5591929034707469,
        0.5274440595825476
      ],
      [
        0.0,
        0.0,
        0.0,
        1.0
      ]
    ],
    "fov": 60.0
  },
  {
    "camera_to_world": [
      [
        0.5664062369248332,
        0.0,
        -0.8241261886220156,
        0.540677787644547
      ],
      [
        -0.0,
        1.0,
        0.0,
        0.49951171875
      ],
      [
        0.8241261886220155,
        0.0,
        0.566406236924833,
        0.5278043740417043
      ],
      [
        0.0,
        0.0,
        0.0,
        1.0
      ]
    ],
    "fov": 60.0
  },
  {
    "camera_to_world": [
      [
        0.5735764363510452,
        0.0,
        -0.8191520442889926,
        0.5404293233060371
      ],
      [
        -0.0,
        1.0000000000000002,
        0.0,
        0.49951171875
      ],
      [
        0.8191520442889926,
        0.0,
        0.5735764363510452,
        0.5281625339056211
      ],
      [
        0.0,
        0.0,
        0.0,
        1.0
      ]
    ],
    "fov": 60.0
  },
  {
    "camera_to_world": [
      [
        0.580702955710939,
        0.0,
        -0.8141155183563198,
        0.5401777429335213
      ],
      [
        -0.0,
        0.9999999999999998,
        0.0,
        0.49951171875
      ],
      [
        0.8141155183563197,
        0.0,
        0.5807029557109389,
        0.5285185118990376
      ],
      [
        0.0,
        0.0,
        0.0,
        1.0
      ]
    ],
    "fov": 60.0
  },
  {
    "camera_to_world": [
      [
        0.5877852522924726,
        0.0,
        -0.8090169943749478,
        0.5399230656858189
      ],
      [
        -0.0,
        1.0,
        0.0,
        0.49951171875
      ],
      [
        0.8090169943749478,
        0.0,
        0.5877852522924726,
        0.5288722809128515
      ],
      [
        0.0,
        0.0,
        0.0,
        1.0
      ]
    ],
    "fov": 60.0
  },
  {
    "camera_to_world": [
      [
        0.594822786751341,
        0.0,
        -0.8038568606172176,
        0.5396653109575885
      ],
      [
        -0.0,
        1.0,
        0.0,
        0.49951171875
      ],
      [
        0.8038568606172175,
        0.0,
        0.5948227867513409,
        0.5292238140061827
      ],
      [
        0.0,
        0.0,
        0.0,
        1.0
      ]
    ],
    "fov": 60.0
  },
  {
    "camera_to_world": [
      [
        0.6018150231520484,
        0.0,
        -0.7986355100472928,
        0.5394044983778506
      ],
      [
        -0.0,
        1.0,
        0.0,
        0.49951171875
      ],
      [
        0.7986355100472928,
        0.0,
        0.6018150231520484,
        0.5295730844084251
      ],
      [
        0.0,
        0.0,
        0.0,
        1.0
      ]
    ],
    "fov": 60.0
  },
  {
    "camera_to_world": [
      [
        0.6087614290087213,
        0.0,
        -0.7933533402912346,
        0.5391406478084928
      ],
      [
        -0.0,
        1.0,
        0.0,
        0.49951171875
      ],
      [
        0.7933533402912346,
        0.0,
        0.6087614290087213,
        0.5299200655212852
      ],
      [
        0.0,
        0.0,
        0.0,
        1.0
      ]
    ],
    "fov": 60.0
  },
  {
    "camera_to_world": [
      [
        0.6156614753256592,
        0.0,
        -0.7880107536067213,
        0.5388737793427576
      ],
      [
        -0.0,
        1.0000000000000002,
        0.0,
        0.49951171875
      ],
      [
        0.7880107536067213,
        0.0,
        0.6156614753256592,
        0.5302647309208081
      ],
      [
        0.0,
        0.0,
        0.0,
        1.0
      ]
    ],
    "fov": 60.0
  },
  {
    "camera_to_world": [
      [
        0.6225146366376194,
        0.0,
        -0.7826081568524141,
        0.5386039133037119
      ],
      [
        -0.0,
        1.0000000000000002,
        0.0,
        0.49951171875
      ],
      [
        0.7826081568524141,
        0.0,
        0.6225146366376194,
        0.5306070543593889
      ],
      [
        0.0,
        0.0,
        0.0,
        1.0
      ]
    ],
    "fov": 60.0
  },
  {
    "camera_to_world": [
      [
        0.6293203910498371,
        0.0,
        -0.7771459614569712,
        0.5383310702426993
      ],
      [
        -0.0,
        0.9999999999999999,
        0.0,
        0.49951171875
      ],
      [
        0.7771459614569711,
        0.0,
        0.629320391049837,
        0.5309470097677726
      ],
      [
        0.0,
        0.0,
        0.0,
        1.0
      ]
    ],
    "fov": 60.0
  },
  {
    "camera_to_world": [
      [
        0.6360782202777634,
        0.0,
        -0.7716245833877206,
        0.5380552709377753
      ],
      [
        -0.0,
        1.0,
        0.0,
        0.49951171875
      ],
      [
        0.7716245833877204,
        0.0,
        0.6360782202777633,
        0.5312845712570387
      ],
      [
        0.0,
        0.0,
        0.0,
        1.0
      ]
    ],
    "fov": 60.0
  },
  {
    "camera_to_world": [
      [
        0.6427876096865395,
        0.0,
        -0.7660444431189779,
        0.5377765363921247
      ],
      [
        -0.0,
        1.0,
        0.0,
        0.49951171875
      ],
      [
        0.7660444431189779,
        0.0,
        0.6427876096865395,
        0.5316197131205728
      ],
      [
        0.0,
        0.0,
        0.0,
        1.0
      ]
    ],
    "fov": 60.0
  },
  {
    "camera_to_world": [
      [
        0.649448048330184,
        0.0,
        -0.7604059656000307,
        0.5374948878324625
      ],
      [
        -0.0,
        1.0,
        0.0,
        0.49951171875
      ],
      [
        0.7604059656000307,
        0.0,
        0.649448048330184,
        0.5319524098360243
      ],
      [
        0.0,
        0.0,
        0.0,
        1.0
      ]
    ],
    "fov": 60.0
  },
  {
    "camera_to_world": [
      [
        0.656059028990508,
        0.0,
        -0.7547095802227715,
        0.5372103467074167
      ],
      [
        -0.0,
        1.0000000000000002,
        0.0,
        0.49951171875
      ],
      [
        0.7547095802227715,
        0.0,
        0.656059028990508,
        0.5322826360672505
      ],
      [
        0.0,
        0.0,
        0.0,
        1.0
      ]
    ],
    "fov": 60.0
  },
  {
    "camera_to_world": [
      [
        0.6626200482157376,
        0.0,
        -0.7489557207890021,
        0.5369229346858959
      ],
      [
        -0.0,
        1.0,
        0.0,
        0.49951171875
      ],
      [
        0.7489557207890021,
        0.0,
        0.6626200482157376,
        0.5326103666662451
      ],
      [
        0.0,
        0.0,
        0.0,
        1.0
      ]
    ],
    "fov": 60.0
  },
  {
    "camera_to_world": [
      [
        0.6691306063588583,
        0.0,
        -0.7431448254773941,
        0.5366326736554382
      ],
      [
        -0.0,
        1.0,
        0.0,
        0.49951171875
      ],
      [
        0.7431448254773941,
        0.0,
        0.6691306063588583,
        0.5329355766750543
      ],
      [
        0.0,
        0.0,
        0.0,
        1.0
      ]
    ],
    "fov": 60.0
  },
  {
    "camera_to_world": [
      [
        0.6755902076156601,
        0.0,
        -0.7372773368101242,
        0.5363395857205447
      ],
      [
        -0.0,
        0.9999999999999999,
        0.0,
        0.49951171875
      ],
      [
        0.7372773368101241,
        0.0,
        0.67559020761566,
        0.5332582413276767
      ],
      [
        0.0,
        0.0,
        0.0,
        1.0
      ]
    ],
    "fov": 60.0
  },
  {
    "camera_to_world": [
      [
        0.681998360062499,
        0.0,
        -0.7313537016191701,
        0.5360436932009967
      ],
      [
        -0.0,
        1.0,
        0.0,
        0.49951171875
      ],
      [
        0.73135370161917,
        0.0,
        0.6819983600624989,
        0.53357833605195
      ],
      [
        0.0,
        0.0,
        0.0,
        1.0
      ]
    ],
    "fov": 60.0
  },
  {
    "camera_to_world": [
      [
        0.6883545756937538,
        0.0,
        -0.725374371012288,
        0.5357450186301548
      ],
      [
        -0.0,
        1.0,
        0.0,
        0.49951171875
      ],
      [
        0.7253743710122879,
        0.0,
        0.6883545756937537,
        0.5338958364714214
      ],
      [
        0.0,
        0.0,
        0.0,
        1.0
      ]
    ],
    "fov": 60.0
  },
  {
    "camera_to_world": [
      [
        0.6946583704589971,
        0.0,
        -0.7193398003386513,
        0.5354435847532442
      ],
      [
        -0.0,
        1.0,
        0.0,
        0.49951171875
      ],
      [
        0.7193398003386513,
        0.0,
        0.6946583704589971,
        0.5342107184072048
      ],
      [
        0.0,
        0.0,
        0.0,
        1.0
      ]
    ],
    "fov": 60.0
  },
  {
    "camera_to_world": [
      [
        0.7009092642998501,
        0.0,
        -0.7132504491541825,
        0.5351394145256215
      ],
      [
        -0.0,
        1.0,
        0.0,
        0.49951171875
      ],
      [
        0.7132504491541823,
        0.0,
        0.70090926429985,
        0.5345229578798216
      ],
      [
        0.0,
        0.0,
        0.0,
        1.0
      ]
    ],
    "fov": 60.0
  },
  {
    "camera_to_world": [
      [
        0.7071067811865476,
        0.0,
        -0.7071067811865476,
        0.5348325311110272
      ],
      [
        -0.0,
        1.0,
        0.0,
        0.49951171875
      ],
      [
        0.7071067811865475,
        0.0,
        0.7071067811865475,
        0.5348325311110272
      ],
      [
        0.0,
        0.0,
        0.0,
        1.0
      ]
    ],
    "fov": 60.0
  },
  {
    "camera_to_world": [
      [
        0.7132504491541825,
        0.0,
        -0.7009092642998501,
        0.5345229578798216
      ],
      [
        -0.0,
        1.0,
        0.0,
        0.49951171875
      ],
      [
        0.70090926429985,
        0.0,
        0.7132504491541823,
        0.5351394145256215
      ],
      [
        0.0,
        0.0,
        0.0,
        1.0
      ]
    ],
    "fov": 60.0
  },
  {
    "camera_to_world": [
      [
        0.7193398003386513,
        0.0,
        -0.6946583704589971,
        0.5342107184072048
      ],
      [
        -0.0,
        1.0,
        0.0,
